% Pin Power Output for case: 34x34-Bare-3x3samepinxs
% Pin power is normalized to total fission rate = 1.0
pinx 0.63000000 1.89000000 3.15000000 4.41000000 5.67000000 6.93000000 8.19000000 9.45000000 10.71000000 11.97000000 13.23000000 14.49000000 15.75000000 17.01000000 18.27000000 19.53000000 20.79000000 22.05000000 23.31000000 24.57000000 25.83000000 27.09000000 28.35000000 29.61000000 30.87000000 32.13000000 33.39000000 34.65000000 35.91000000 37.17000000 38.43000000 39.69000000 40.95000000 42.21000000
piny 0.63000000 1.89000000 3.15000000 4.41000000 5.67000000 6.93000000 8.19000000 9.45000000 10.71000000 11.97000000 13.23000000 14.49000000 15.75000000 17.01000000 18.27000000 19.53000000 20.79000000 22.05000000 23.31000000 24.57000000 25.83000000 27.09000000 28.35000000 29.61000000 30.87000000 32.13000000 33.39000000 34.65000000 35.91000000 37.17000000 38.43000000 39.69000000 40.95000000 42.21000000

% the output is exactly same as visualization. rows are piny with Y at top and 0 at bottom, columns are pinx
fiss_rate
5.56762402e-02 9.15700008e-02 1.24132943e-01 1.55439028e-01 1.84903504e-01 2.12831615e-01 2.35476824e-01 2.57576701e-01 2.79077438e-01 2.94515416e-01 3.09291032e-01 3.22726340e-01 3.27192218e-01 3.28307229e-01 3.25181782e-01 3.19843245e-01 3.12921367e-01 3.04570639e-01 2.94826941e-01 2.83523474e-01 2.70813898e-01 2.55809807e-01 2.40493760e-01 2.22833503e-01 2.06457537e-01 1.90955891e-01 1.72380149e-01 1.54102036e-01 1.36665021e-01 1.18034123e-01 9.93353063e-02 7.97950715e-02 5.93069890e-02 3.62711010e-02
9.15700008e-02 1.53490183e-01 2.10210592e-01 2.65250496e-01 3.18565615e-01 3.72499490e-01 4.03219541e-01 4.41636678e-01 4.87629630e-01 5.04657707e-01 5.30766360e-01 5.65997269e-01 5.64196175e-01 5.60912015e-01 5.51315572e-01 5.38737911e-01 5.25078031e-01 5.10327576e-01 4.94270473e-01 4.76799932e-01 4.56012635e-01 4.30692037e-01 4.08677368e-01 3.71559954e-01 3.45733804e-01 3.26924190e-01 2.89395268e-01 2.56927981e-01 2.31670014e-01 1.97785873e-01 1.66348359e-01 1.33586259e-01 9.85661813e-02 5.93069890e-02
1.24132943e-01 2.10210592e-01 2.93407602e-01 3.77613279e-01 4.49992196e-01 0.00000000e+00 5.60850996e-01 6.14667305e-01 0.00000000e+00 7.02182201e-01 7.39903124e-01 0.00000000e+00 7.99391874e-01 8.00365722e-01 7.69119241e-01 7.39053282e-01 7.16397606e-01 6.94887635e-01 6.73642267e-01 6.57146649e-01 6.37915219e-01 5.83990489e-01 0.00000000e+00 4.90768090e-01 4.64890218e-01 0.00000000e+00 3.89356614e-01 3.40953369e-01 0.00000000e+00 2.64912820e-01 2.31244807e-01 1.83735731e-01 1.33586259e-01 7.97950715e-02
1.55439028e-01 2.65250496e-01 3.77613279e-01 0.00000000e+00 5.58351331e-01 6.31222572e-01 6.82033456e-01 7.46093132e-01 8.21799882e-01 8.53714605e-01 8.99987550e-01 9.64264846e-01 9.99379536e-01 0.00000000e+00 9.92074728e-01 9.34008397e-01 8.99273437e-01 8.70278774e-01 8.43977726e-01 8.31900089e-01 0.00000000e+00 6.97339764e-01 2.22300724e-01 5.66069847e-01 5.40154884e-01 4.83030545e-01 4.48205393e-01 3.96792873e-01 1.26408319e-01 3.11867380e-01 0.00000000e+00 2.31244807e-01 1.66348359e-01 9.93353063e-02
1.84903504e-01 3.18565615e-01 4.49992196e-01 5.58351331e-01 6.47749808e-01 7.48098711e-01 8.09313585e-01 8.86519088e-01 9.78933835e-01 1.01453603e+00 1.06867186e+00 1.14339832e+00 1.15970874e+00 1.19758122e+00 1.19281009e+00 1.12547931e+00 1.07320840e+00 1.03693453e+00 1.00928573e+00 9.70972710e-01 8.63204593e-01 8.09385149e-01 7.62249712e-01 7.05612766e-01 6.26830543e-01 2.06312568e-01 5.11882215e-01 4.84858107e-01 4.33483078e-01 3.74291639e-01 3.11867380e-01 2.64912820e-01 1.97785873e-01 1.18034123e-01
2.12831615e-01 3.72499490e-01 0.00000000e+00 6.31222572e-01 7.48098711e-01 0.00000000e+00 9.46434507e-01 1.03909984e+00 0.00000000e+00 1.18846803e+00 1.25166845e+00 0.00000000e+00 1.33913719e+00 1.36193752e+00 0.00000000e+00 1.32069548e+00 1.24053969e+00 1.19786183e+00 1.18108089e+00 0.00000000e+00 3.44475831e-01 9.11346511e-01 0.00000000e+00 8.45524968e-01 7.55133949e-01 0.00000000e+00 6.23865811e-01 5.78051417e-01 0.00000000e+00 4.33483078e-01 1.26408319e-01 0.00000000e+00 2.31670014e-01 1.36665021e-01
2.35476824e-01 4.03219541e-01 5.60850996e-01 6.82033456e-01 8.09313585e-01 9.46434507e-01 1.03076115e+00 1.13107382e+00 1.24781719e+00 1.29574307e+00 1.36302040e+00 1.44968004e+00 1.45412585e+00 1.47589613e+00 1.50839652e+00 1.44644758e+00 1.38723212e+00 1.34233285e+00 1.30423276e+00 1.24503776e+00 1.09388599e+00 1.03959077e+00 1.01563532e+00 9.04323713e-01 7.83120773e-01 7.39138082e-01 6.47194958e-01 6.15243122e-01 5.78051417e-01 4.84858107e-01 3.96792873e-01 3.40953369e-01 2.56927981e-01 1.54102036e-01
2.57576701e-01 4.41636678e-01 6.14667305e-01 7.46093132e-01 8.86519088e-01 1.03909984e+00 1.13107382e+00 1.24203009e+00 1.37251743e+00 1.42374856e+00 1.49816579e+00 1.59537685e+00 1.59785155e+00 1.62226374e+00 1.66317080e+00 1.59477339e+00 1.52954089e+00 1.48288043e+00 1.44919550e+00 1.40451609e+00 1.24451578e+00 1.10415341e+00 1.09127505e+00 9.59566148e-01 3.13056237e-01 7.52462464e-01 2.60217644e-01 6.47194958e-01 6.23865811e-01 5.11882215e-01 4.48205393e-01 3.89356614e-01 2.89395268e-01 1.72380149e-01
2.79077438e-01 4.87629630e-01 0.00000000e+00 8.21799882e-01 9.78933835e-01 0.00000000e+00 1.24781719e+00 1.37251743e+00 0.00000000e+00 1.57325932e+00 1.65766783e+00 0.00000000e+00 1.76903314e+00 1.79798067e+00 0.00000000e+00 1.76647300e+00 1.66738346e+00 1.61827076e+00 1.61110090e+00 0.00000000e+00 1.35319956e+00 4.37436170e-01 0.00000000e+00 1.08512382e+00 9.06505047e-01 0.00000000e+00 7.52462464e-01 7.39138082e-01 0.00000000e+00 2.06312568e-01 4.83030545e-01 0.00000000e+00 3.26924190e-01 1.90955891e-01
2.94515416e-01 5.04657707e-01 7.02182201e-01 8.53714605e-01 1.01453603e+00 1.18846803e+00 1.29574307e+00 1.42374856e+00 1.57325932e+00 1.63562536e+00 1.72341318e+00 1.83622165e+00 1.84417451e+00 1.87545250e+00 1.92356801e+00 1.84991737e+00 1.77971561e+00 1.72904906e+00 1.69069070e+00 1.63911921e+00 1.46314957e+00 1.32449069e+00 1.30355895e+00 1.14847178e+00 3.74898312e-01 9.06505047e-01 3.13056237e-01 7.83120773e-01 7.55133949e-01 6.26830543e-01 5.40154884e-01 4.64890218e-01 3.45733804e-01 2.06457537e-01
3.09291032e-01 5.30766360e-01 7.39903124e-01 8.99987550e-01 1.06867186e+00 1.25166845e+00 1.36302040e+00 1.49816579e+00 1.65766783e+00 1.72341318e+00 1.81822124e+00 1.94222754e+00 1.95286573e+00 1.98944019e+00 2.04109547e+00 1.96103077e+00 1.88676330e+00 1.83453143e+00 1.79217478e+00 1.71496222e+00 1.49859054e+00 1.45792406e+00 1.44444902e+00 1.30099267e+00 1.14847178e+00 1.08512382e+00 9.59566148e-01 9.04323713e-01 8.45524968e-01 7.05612766e-01 5.66069847e-01 4.90768090e-01 3.71559954e-01 2.22833503e-01
3.22726340e-01 5.65997269e-01 0.00000000e+00 9.64264846e-01 1.14339832e+00 0.00000000e+00 1.44968004e+00 1.59537685e+00 0.00000000e+00 1.83622165e+00 1.94222754e+00 0.00000000e+00 2.09988723e+00 2.14795879e+00 0.00000000e+00 2.10032048e+00 1.98648612e+00 1.93437337e+00 1.92574242e+00 0.00000000e+00 5.72382856e-01 1.53257929e+00 0.00000000e+00 1.44444902e+00 1.30355895e+00 0.00000000e+00 1.09127505e+00 1.01563532e+00 0.00000000e+00 7.62249712e-01 2.22300724e-01 0.00000000e+00 4.08677368e-01 2.40493760e-01
3.27192218e-01 5.64196175e-01 7.99391874e-01 9.99379536e-01 1.15970874e+00 1.33913719e+00 1.45412585e+00 1.59785155e+00 1.76903314e+00 1.84417451e+00 1.95286573e+00 2.09988723e+00 2.14923496e+00 2.23678507e+00 2.23117044e+00 2.12444095e+00 2.05043036e+00 2.00592835e+00 1.97876673e+00 1.94218143e+00 1.78560955e+00 1.65929874e+00 1.53257929e+00 1.45792406e+00 1.32449069e+00 4.37436170e-01 1.10415341e+00 1.03959077e+00 9.11346511e-01 8.09385149e-01 6.97339764e-01 5.83990489e-01 4.30692037e-01 2.55809807e-01
3.28307229e-01 5.60912015e-01 8.00365722e-01 0.00000000e+00 1.19758122e+00 1.36193752e+00 1.47589613e+00 1.62226374e+00 1.79798067e+00 1.87545250e+00 1.98944019e+00 2.14795879e+00 2.23678507e+00 0.00000000e+00 2.25021151e+00 2.14793044e+00 2.10047825e+00 2.06568620e+00 2.03810257e+00 2.04898685e+00 0.00000000e+00 1.78560955e+00 5.72382856e-01 1.49859054e+00 1.46314957e+00 1.35319956e+00 1.24451578e+00 1.09388599e+00 3.44475831e-01 8.63204593e-01 0.00000000e+00 6.37915219e-01 4.56012635e-01 2.70813898e-01
3.25181782e-01 5.51315572e-01 7.69119241e-01 9.92074728e-01 1.19281009e+00 0.00000000e+00 1.50839652e+00 1.66317080e+00 0.00000000e+00 1.92356801e+00 2.04109547e+00 0.00000000e+00 2.23117044e+00 2.25021151e+00 2.19878954e+00 2.15676266e+00 2.13185772e+00 2.10776545e+00 2.08246288e+00 2.06755376e+00 2.04898685e+00 1.94218143e+00 0.00000000e+00 1.71496222e+00 1.63911921e+00 0.00000000e+00 1.40451609e+00 1.24503776e+00 0.00000000e+00 9.70972710e-01 8.31900089e-01 6.57146649e-01 4.76799932e-01 2.83523474e-01
3.19843245e-01 5.38737911e-01 7.39053282e-01 9.34008397e-01 1.12547931e+00 1.32069548e+00 1.44644758e+00 1.59477339e+00 1.76647300e+00 1.84991737e+00 1.96103077e+00 2.10032048e+00 2.12444095e+00 2.14793044e+00 2.15676266e+00 2.15743197e+00 2.15116324e+00 2.13716278e+00 2.11446003e+00 2.08246288e+00 2.03810257e+00 1.97876673e+00 1.92574242e+00 1.79217478e+00 1.69069070e+00 1.61110090e+00 1.44919550e+00 1.30423276e+00 1.18108089e+00 1.00928573e+00 8.43977726e-01 6.73642267e-01 4.94270473e-01 2.94826941e-01
3.12921367e-01 5.25078031e-01 7.16397606e-01 8.99273437e-01 1.07320840e+00 1.24053969e+00 1.38723212e+00 1.52954089e+00 1.66738346e+00 1.77971561e+00 1.88676330e+00 1.98648612e+00 2.05043036e+00 2.10047825e+00 2.13185772e+00 2.15116324e+00 2.15861242e+00 2.15405140e+00 2.13716278e+00 2.10776545e+00 2.06568620e+00 2.00592835e+00 1.93437337e+00 1.83453143e+00 1.72904906e+00 1.61827076e+00 1.48288043e+00 1.34233285e+00 1.19786183e+00 1.03693453e+00 8.70278774e-01 6.94887635e-01 5.10327576e-01 3.04570639e-01
3.04570639e-01 5.10327576e-01 6.94887635e-01 8.70278774e-01 1.03693453e+00 1.19786183e+00 1.34233285e+00 1.48288043e+00 1.61827076e+00 1.72904906e+00 1.83453143e+00 1.93437337e+00 2.00592835e+00 2.06568620e+00 2.10776545e+00 2.13716278e+00 2.15405140e+00 2.15861242e+00 2.15116324e+00 2.13185772e+00 2.10047825e+00 2.05043036e+00 1.98648612e+00 1.88676330e+00 1.77971561e+00 1.66738346e+00 1.52954089e+00 1.38723212e+00 1.24053969e+00 1.07320840e+00 8.99273437e-01 7.16397606e-01 5.25078031e-01 3.12921367e-01
2.94826941e-01 4.94270473e-01 6.73642267e-01 8.43977726e-01 1.00928573e+00 1.18108089e+00 1.30423276e+00 1.44919550e+00 1.61110090e+00 1.69069070e+00 1.79217478e+00 1.92574242e+00 1.97876673e+00 2.03810257e+00 2.08246288e+00 2.11446003e+00 2.13716278e+00 2.15116324e+00 2.15743197e+00 2.15676266e+00 2.14793044e+00 2.12444095e+00 2.10032048e+00 1.96103077e+00 1.84991737e+00 1.76647300e+00 1.59477339e+00 1.44644758e+00 1.32069548e+00 1.12547931e+00 9.34008397e-01 7.39053282e-01 5.38737911e-01 3.19843245e-01
2.83523474e-01 4.76799932e-01 6.57146649e-01 8.31900089e-01 9.70972710e-01 0.00000000e+00 1.24503776e+00 1.40451609e+00 0.00000000e+00 1.63911921e+00 1.71496222e+00 0.00000000e+00 1.94218143e+00 2.04898685e+00 2.06755376e+00 2.08246288e+00 2.10776545e+00 2.13185772e+00 2.15676266e+00 2.19878954e+00 2.25021151e+00 2.23117044e+00 0.00000000e+00 2.04109547e+00 1.92356801e+00 0.00000000e+00 1.66317080e+00 1.50839652e+00 0.00000000e+00 1.19281009e+00 9.92074728e-01 7.69119241e-01 5.51315572e-01 3.25181782e-01
2.70813898e-01 4.56012635e-01 6.37915219e-01 0.00000000e+00 8.63204593e-01 3.44475831e-01 1.09388599e+00 1.24451578e+00 1.35319956e+00 1.46314957e+00 1.49859054e+00 5.72382856e-01 1.78560955e+00 0.00000000e+00 2.04898685e+00 2.03810257e+00 2.06568620e+00 2.10047825e+00 2.14793044e+00 2.25021151e+00 0.00000000e+00 2.23678507e+00 2.14795879e+00 1.98944019e+00 1.87545250e+00 1.79798067e+00 1.62226374e+00 1.47589613e+00 1.36193752e+00 1.19758122e+00 0.00000000e+00 8.00365722e-01 5.60912015e-01 3.28307229e-01
2.55809807e-01 4.30692037e-01 5.83990489e-01 6.97339764e-01 8.09385149e-01 9.11346511e-01 1.03959077e+00 1.10415341e+00 4.37436170e-01 1.32449069e+00 1.45792406e+00 1.53257929e+00 1.65929874e+00 1.78560955e+00 1.94218143e+00 1.97876673e+00 2.00592835e+00 2.05043036e+00 2.12444095e+00 2.23117044e+00 2.23678507e+00 2.14923496e+00 2.09988723e+00 1.95286573e+00 1.84417451e+00 1.76903314e+00 1.59785155e+00 1.45412585e+00 1.33913719e+00 1.15970874e+00 9.99379536e-01 7.99391874e-01 5.64196175e-01 3.27192218e-01
2.40493760e-01 4.08677368e-01 0.00000000e+00 2.22300724e-01 7.62249712e-01 0.00000000e+00 1.01563532e+00 1.09127505e+00 0.00000000e+00 1.30355895e+00 1.44444902e+00 0.00000000e+00 1.53257929e+00 5.72382856e-01 0.00000000e+00 1.92574242e+00 1.93437337e+00 1.98648612e+00 2.10032048e+00 0.00000000e+00 2.14795879e+00 2.09988723e+00 0.00000000e+00 1.94222754e+00 1.83622165e+00 0.00000000e+00 1.59537685e+00 1.44968004e+00 0.00000000e+00 1.14339832e+00 9.64264846e-01 0.00000000e+00 5.65997269e-01 3.22726340e-01
2.22833503e-01 3.71559954e-01 4.90768090e-01 5.66069847e-01 7.05612766e-01 8.45524968e-01 9.04323713e-01 9.59566148e-01 1.08512382e+00 1.14847178e+00 1.30099267e+00 1.44444902e+00 1.45792406e+00 1.49859054e+00 1.71496222e+00 1.79217478e+00 1.83453143e+00 1.88676330e+00 1.96103077e+00 2.04109547e+00 1.98944019e+00 1.95286573e+00 1.94222754e+00 1.81822124e+00 1.72341318e+00 1.65766783e+00 1.49816579e+00 1.36302040e+00 1.25166845e+00 1.06867186e+00 8.99987550e-01 7.39903124e-01 5.30766360e-01 3.09291032e-01
2.06457537e-01 3.45733804e-01 4.64890218e-01 5.40154884e-01 6.26830543e-01 7.55133949e-01 7.83120773e-01 3.13056237e-01 9.06505047e-01 3.74898312e-01 1.14847178e+00 1.30355895e+00 1.32449069e+00 1.46314957e+00 1.63911921e+00 1.69069070e+00 1.72904906e+00 1.77971561e+00 1.84991737e+00 1.92356801e+00 1.87545250e+00 1.84417451e+00 1.83622165e+00 1.72341318e+00 1.63562536e+00 1.57325932e+00 1.42374856e+00 1.29574307e+00 1.18846803e+00 1.01453603e+00 8.53714605e-01 7.02182201e-01 5.04657707e-01 2.94515416e-01
1.90955891e-01 3.26924190e-01 0.00000000e+00 4.83030545e-01 2.06312568e-01 0.00000000e+00 7.39138082e-01 7.52462464e-01 0.00000000e+00 9.06505047e-01 1.08512382e+00 0.00000000e+00 4.37436170e-01 1.35319956e+00 0.00000000e+00 1.61110090e+00 1.61827076e+00 1.66738346e+00 1.76647300e+00 0.00000000e+00 1.79798067e+00 1.76903314e+00 0.00000000e+00 1.65766783e+00 1.57325932e+00 0.00000000e+00 1.37251743e+00 1.24781719e+00 0.00000000e+00 9.78933835e-01 8.21799882e-01 0.00000000e+00 4.87629630e-01 2.79077438e-01
1.72380149e-01 2.89395268e-01 3.89356614e-01 4.48205393e-01 5.11882215e-01 6.23865811e-01 6.47194958e-01 2.60217644e-01 7.52462464e-01 3.13056237e-01 9.59566148e-01 1.09127505e+00 1.10415341e+00 1.24451578e+00 1.40451609e+00 1.44919550e+00 1.48288043e+00 1.52954089e+00 1.59477339e+00 1.66317080e+00 1.62226374e+00 1.59785155e+00 1.59537685e+00 1.49816579e+00 1.42374856e+00 1.37251743e+00 1.24203009e+00 1.13107382e+00 1.03909984e+00 8.86519088e-01 7.46093132e-01 6.14667305e-01 4.41636678e-01 2.57576701e-01
1.54102036e-01 2.56927981e-01 3.40953369e-01 3.96792873e-01 4.84858107e-01 5.78051417e-01 6.15243122e-01 6.47194958e-01 7.39138082e-01 7.83120773e-01 9.04323713e-01 1.01563532e+00 1.03959077e+00 1.09388599e+00 1.24503776e+00 1.30423276e+00 1.34233285e+00 1.38723212e+00 1.44644758e+00 1.50839652e+00 1.47589613e+00 1.45412585e+00 1.44968004e+00 1.36302040e+00 1.29574307e+00 1.24781719e+00 1.13107382e+00 1.03076115e+00 9.46434507e-01 8.09313585e-01 6.82033456e-01 5.60850996e-01 4.03219541e-01 2.35476824e-01
1.36665021e-01 2.31670014e-01 0.00000000e+00 1.26408319e-01 4.33483078e-01 0.00000000e+00 5.78051417e-01 6.23865811e-01 0.00000000e+00 7.55133949e-01 8.45524968e-01 0.00000000e+00 9.11346511e-01 3.44475831e-01 0.00000000e+00 1.18108089e+00 1.19786183e+00 1.24053969e+00 1.32069548e+00 0.00000000e+00 1.36193752e+00 1.33913719e+00 0.00000000e+00 1.25166845e+00 1.18846803e+00 0.00000000e+00 1.03909984e+00 9.46434507e-01 0.00000000e+00 7.48098711e-01 6.31222572e-01 0.00000000e+00 3.72499490e-01 2.12831615e-01
1.18034123e-01 1.97785873e-01 2.64912820e-01 3.11867380e-01 3.74291639e-01 4.33483078e-01 4.84858107e-01 5.11882215e-01 2.06312568e-01 6.26830543e-01 7.05612766e-01 7.62249712e-01 8.09385149e-01 8.63204593e-01 9.70972710e-01 1.00928573e+00 1.03693453e+00 1.07320840e+00 1.12547931e+00 1.19281009e+00 1.19758122e+00 1.15970874e+00 1.14339832e+00 1.06867186e+00 1.01453603e+00 9.78933835e-01 8.86519088e-01 8.09313585e-01 7.48098711e-01 6.47749808e-01 5.58351331e-01 4.49992196e-01 3.18565615e-01 1.84903504e-01
9.93353063e-02 1.66348359e-01 2.31244807e-01 0.00000000e+00 3.11867380e-01 1.26408319e-01 3.96792873e-01 4.48205393e-01 4.83030545e-01 5.40154884e-01 5.66069847e-01 2.22300724e-01 6.97339764e-01 0.00000000e+00 8.31900089e-01 8.43977726e-01 8.70278774e-01 8.99273437e-01 9.34008397e-01 9.92074728e-01 0.00000000e+00 9.99379536e-01 9.64264846e-01 8.99987550e-01 8.53714605e-01 8.21799882e-01 7.46093132e-01 6.82033456e-01 6.31222572e-01 5.58351331e-01 0.00000000e+00 3.77613279e-01 2.65250496e-01 1.55439028e-01
7.97950715e-02 1.33586259e-01 1.83735731e-01 2.31244807e-01 2.64912820e-01 0.00000000e+00 3.40953369e-01 3.89356614e-01 0.00000000e+00 4.64890218e-01 4.90768090e-01 0.00000000e+00 5.83990489e-01 6.37915219e-01 6.57146649e-01 6.73642267e-01 6.94887635e-01 7.16397606e-01 7.39053282e-01 7.69119241e-01 8.00365722e-01 7.99391874e-01 0.00000000e+00 7.39903124e-01 7.02182201e-01 0.00000000e+00 6.14667305e-01 5.60850996e-01 0.00000000e+00 4.49992196e-01 3.77613279e-01 2.93407602e-01 2.10210592e-01 1.24132943e-01
5.93069890e-02 9.85661813e-02 1.33586259e-01 1.66348359e-01 1.97785873e-01 2.31670014e-01 2.56927981e-01 2.89395268e-01 3.26924190e-01 3.45733804e-01 3.71559954e-01 4.08677368e-01 4.30692037e-01 4.56012635e-01 4.76799932e-01 4.94270473e-01 5.10327576e-01 5.25078031e-01 5.38737911e-01 5.51315572e-01 5.60912015e-01 5.64196175e-01 5.65997269e-01 5.30766360e-01 5.04657707e-01 4.87629630e-01 4.41636678e-01 4.03219541e-01 3.72499490e-01 3.18565615e-01 2.65250496e-01 2.10210592e-01 1.53490183e-01 9.15700008e-02
3.62711010e-02 5.93069890e-02 7.97950715e-02 9.93353063e-02 1.18034123e-01 1.36665021e-01 1.54102036e-01 1.72380149e-01 1.90955891e-01 2.06457537e-01 2.22833503e-01 2.40493760e-01 2.55809807e-01 2.70813898e-01 2.83523474e-01 2.94826941e-01 3.04570639e-01 3.12921367e-01 3.19843245e-01 3.25181782e-01 3.28307229e-01 3.27192218e-01 3.22726340e-01 3.09291032e-01 2.94515416e-01 2.79077438e-01 2.57576701e-01 2.35476824e-01 2.12831615e-01 1.84903504e-01 1.55439028e-01 1.24132943e-01 9.15700008e-02 5.56762402e-02
