% Pin Power Output for case: 34x34-Bare-3x3samepinxs
% Pin power is normalized to total fission rate = 1.0
pinx 0.63000000 1.89000000 3.15000000 4.41000000 5.67000000 6.93000000 8.19000000 9.45000000 10.71000000 11.97000000 13.23000000 14.49000000 15.75000000 17.01000000 18.27000000 19.53000000 20.79000000 22.05000000 23.31000000 24.57000000 25.83000000 27.09000000 28.35000000 29.61000000 30.87000000 32.13000000 33.39000000 34.65000000 35.91000000 37.17000000 38.43000000 39.69000000 40.95000000 42.21000000
piny 0.63000000 1.89000000 3.15000000 4.41000000 5.67000000 6.93000000 8.19000000 9.45000000 10.71000000 11.97000000 13.23000000 14.49000000 15.75000000 17.01000000 18.27000000 19.53000000 20.79000000 22.05000000 23.31000000 24.57000000 25.83000000 27.09000000 28.35000000 29.61000000 30.87000000 32.13000000 33.39000000 34.65000000 35.91000000 37.17000000 38.43000000 39.69000000 40.95000000 42.21000000

% the output is exactly same as visualization. rows are piny with Y at top and 0 at bottom, columns are pinx
fiss_rate
0.00005276 8.67732245e-05 1.17643671e-04 1.47326389e-04 1.75248313e-04 2.01703473e-04 2.23148498e-04 2.44090907e-04 2.64456723e-04 2.79063671e-04 2.93036144e-04 3.05753581e-04 3.09974492e-04 3.11006991e-04 3.07981208e-04 3.02883260e-04 2.96291267e-04 2.88368259e-04 2.79151751e-04 2.68481034e-04 2.56473959e-04 2.42255064e-04 2.27698172e-04 2.11015355e-04 1.95548254e-04 1.80849338e-04 1.63278646e-04 1.45948217e-04 1.29416560e-04 1.11801418e-04 9.41028924e-05 7.55879497e-05 5.61668816e-05 3.43547972e-05
8.67732245e-05 1.45418291e-04 1.99204741e-04 2.51368688e-04 3.01841716e-04 3.53016956e-04 3.82041586e-04 4.18407379e-04 4.62076339e-04 4.78074393e-04 5.02767921e-04 5.36210852e-04 5.34352848e-04 5.31260165e-04 5.22101163e-04 5.10073741e-04 4.97107356e-04 4.83117415e-04 4.67912732e-04 4.51435496e-04 4.31758385e-04 4.07791510e-04 3.87075759e-04 3.51840341e-04 3.27377551e-04 3.09598315e-04 2.74024512e-04 2.43326053e-04 2.19468345e-04 1.87312155e-04 1.57554193e-04 1.26525433e-04 9.33340800e-05 5.61668816e-05
1.17643671e-04 1.99204741e-04 2.78064971e-04 3.57908538e-04 4.26482820e-04 0.00000000e+00 5.31563624e-04 5.82546566e-04 0.00000000e+00 6.65419718e-04 7.01118896e-04 0.00000000e+00 7.57278275e-04 7.58189506e-04 7.28426458e-04 6.99862974e-04 6.78301821e-04 6.57917235e-04 6.37844532e-04 6.22179430e-04 6.04050132e-04 5.53126953e-04 0.00000000e+00 4.65019277e-04 4.40382882e-04 0.00000000e+00 3.68842665e-04 3.23074533e-04 0.00000000e+00 2.51014206e-04 2.19036485e-04 1.74000671e-04 1.26525433e-04 7.55879497e-05
1.47326389e-04 2.51368688e-04 3.57908538e-04 0.00000000e+00 5.29189223e-04 5.98293218e-04 6.46319403e-04 7.06968892e-04 7.78817912e-04 8.08877410e-04 8.52694228e-04 9.13675002e-04 9.46767614e-04 0.00000000e+00 9.39702953e-04 8.84511272e-04 8.51510859e-04 8.24018450e-04 7.99154016e-04 7.87801487e-04 0.00000000e+00 6.60319084e-04 2.10571744e-04 5.36025460e-04 5.11714182e-04 4.57482148e-04 4.24580158e-04 3.75744794e-04 1.19752506e-04 2.95389809e-04 0.00000000e+00 2.19036485e-04 1.57554193e-04 9.41028924e-05
1.75248313e-04 3.01841716e-04 4.26482820e-04 5.29189223e-04 6.13793451e-04 7.09064755e-04 7.66888583e-04 8.39987984e-04 9.27729263e-04 9.61203550e-04 1.01242934e-03 1.08340512e-03 1.09845338e-03 1.13439987e-03 1.12978446e-03 1.06572259e-03 1.01622318e-03 9.81806303e-04 9.55585177e-04 9.19662533e-04 8.17337084e-04 7.66598393e-04 7.21953220e-04 6.68342469e-04 5.93429801e-04 1.95436159e-04 4.84617147e-04 4.59332877e-04 4.10579624e-04 3.54534218e-04 2.95389809e-04 2.51014206e-04 1.87312155e-04 1.11801418e-04
2.01703473e-04 3.53016956e-04 0.00000000e+00 5.98293218e-04 7.09064755e-04 0.00000000e+00 8.96973412e-04 9.84756025e-04 0.00000000e+00 1.12620183e-03 1.18601068e-03 0.00000000e+00 1.26872759e-03 1.29019260e-03 0.00000000e+00 1.25079843e-03 1.17462538e-03 1.13413187e-03 1.11848823e-03 0.00000000e+00 3.26260828e-04 8.63076121e-04 0.00000000e+00 8.00785712e-04 7.15477317e-04 0.00000000e+00 5.91184423e-04 5.47556022e-04 0.00000000e+00 4.10579624e-04 1.19752506e-04 0.00000000e+00 2.19468345e-04 1.29416560e-04
2.23148498e-04 3.82041586e-04 5.31563624e-04 6.46319403e-04 7.66888583e-04 8.96973412e-04 9.76672029e-04 1.07167026e-03 1.18246207e-03 1.22757667e-03 1.29122165e-03 1.37349502e-03 1.37733298e-03 1.39784506e-03 1.42872281e-03 1.36962192e-03 1.31345011e-03 1.27085822e-03 1.23484005e-03 1.17924893e-03 1.03556224e-03 9.84770885e-04 9.61931698e-04 8.56425784e-04 7.41443171e-04 7.00348752e-04 6.12764849e-04 5.82728331e-04 5.47556022e-04 4.59332877e-04 3.75744794e-04 3.23074533e-04 2.43326053e-04 1.45948217e-04
2.44090907e-04 4.18407379e-04 5.82546566e-04 7.06968892e-04 8.39987984e-04 9.84756025e-04 1.07167026e-03 1.17672710e-03 1.30057928e-03 1.34877008e-03 1.41917003e-03 1.51147235e-03 1.51337394e-03 1.53634747e-03 1.57525585e-03 1.50995996e-03 1.44818544e-03 1.40394379e-03 1.37195929e-03 1.33005418e-03 1.17852219e-03 1.04523566e-03 1.03396095e-03 9.08493624e-04 2.96560581e-04 7.12545031e-04 2.46543374e-04 6.12764849e-04 5.91184423e-04 4.84617147e-04 4.24580158e-04 3.68842665e-04 2.74024512e-04 1.63278646e-04
2.64456723e-04 4.62076339e-04 0.00000000e+00 7.78817912e-04 9.27729263e-04 0.00000000e+00 1.18246207e-03 1.30057928e-03 0.00000000e+00 1.49064989e-03 1.57052179e-03 0.00000000e+00 1.67579487e-03 1.70303492e-03 0.00000000e+00 1.67282178e-03 1.57866495e-03 1.53208939e-03 1.52544440e-03 0.00000000e+00 1.28115649e-03 4.14257754e-04 0.00000000e+00 1.02808304e-03 8.58281382e-04 0.00000000e+00 7.12545031e-04 7.00348752e-04 0.00000000e+00 1.95436159e-04 4.57482148e-04 0.00000000e+00 3.09598315e-04 1.80849338e-04
2.79063671e-04 4.78074393e-04 6.65419718e-04 8.08877410e-04 9.61203550e-04 1.12620183e-03 1.22757667e-03 1.34877008e-03 1.49064989e-03 1.54934687e-03 1.63239149e-03 1.73947634e-03 1.74651620e-03 1.77597673e-03 1.82170250e-03 1.75138564e-03 1.68485981e-03 1.63683731e-03 1.60049635e-03 1.55211899e-03 1.38561597e-03 1.25374306e-03 1.23489205e-03 1.08730034e-03 3.55096946e-04 8.58281382e-04 2.96560581e-04 7.41443171e-04 7.15477317e-04 5.93429801e-04 5.11714182e-04 4.40382882e-04 3.27377551e-04 1.95548254e-04
2.93036144e-04 5.02767921e-04 7.01118896e-04 8.52694228e-04 1.01242934e-03 1.18601068e-03 1.29122165e-03 1.41917003e-03 1.57052179e-03 1.63239149e-03 1.72206497e-03 1.83976990e-03 1.84933244e-03 1.88385252e-03 1.93286844e-03 1.85645048e-03 1.78606981e-03 1.73651562e-03 1.69647163e-03 1.62413254e-03 1.41854047e-03 1.38077598e-03 1.36779307e-03 1.23186924e-03 1.08730034e-03 1.02808304e-03 9.08493624e-04 8.56425784e-04 8.00785712e-04 6.68342469e-04 5.36025460e-04 4.65019277e-04 3.51840341e-04 2.11015355e-04
3.05753581e-04 5.36210852e-04 0.00000000e+00 9.13675002e-04 1.08340512e-03 0.00000000e+00 1.37349502e-03 1.51147235e-03 0.00000000e+00 1.73947634e-03 1.83976990e-03 0.00000000e+00 1.98885849e-03 2.03415431e-03 0.00000000e+00 1.98851294e-03 1.88037275e-03 1.83092303e-03 1.82315542e-03 0.00000000e+00 5.41990985e-04 1.45123221e-03 0.00000000e+00 1.36779307e-03 1.23489205e-03 0.00000000e+00 1.03396095e-03 9.61931698e-04 0.00000000e+00 7.21953220e-04 2.10571744e-04 0.00000000e+00 3.87075759e-04 2.27698172e-04
3.09974492e-04 5.34352848e-04 7.57278275e-04 9.46767614e-04 1.09845338e-03 1.26872759e-03 1.37733298e-03 1.51337394e-03 1.67579487e-03 1.74651620e-03 1.84933244e-03 1.98885849e-03 2.03484098e-03 2.11785748e-03 2.11233357e-03 2.01083967e-03 1.94076953e-03 1.89855348e-03 1.87281407e-03 1.83871166e-03 1.69010090e-03 1.57115323e-03 1.45123221e-03 1.38077598e-03 1.25374306e-03 4.14257754e-04 1.04523566e-03 9.84770885e-04 8.63076121e-04 7.66598393e-04 6.60319084e-04 5.53126953e-04 4.07791510e-04 2.42255064e-04
3.11006991e-04 5.31260165e-04 7.58189506e-04 0.00000000e+00 1.13439987e-03 1.29019260e-03 1.39784506e-03 1.53634747e-03 1.70303492e-03 1.77597673e-03 1.88385252e-03 2.03415431e-03 2.11785748e-03 0.00000000e+00 2.13029499e-03 2.03303991e-03 1.98794480e-03 1.95496920e-03 1.92892747e-03 1.93947076e-03 0.00000000e+00 1.69010090e-03 5.41990985e-04 1.41854047e-03 1.38561597e-03 1.28115649e-03 1.17852219e-03 1.03556224e-03 3.26260828e-04 8.17337084e-04 0.00000000e+00 6.04050132e-04 4.31758385e-04 2.56473959e-04
3.07981208e-04 5.22101163e-04 7.28426458e-04 9.39702953e-04 1.12978446e-03 0.00000000e+00 1.42872281e-03 1.57525585e-03 0.00000000e+00 1.82170250e-03 1.93286844e-03 0.00000000e+00 2.11233357e-03 2.13029499e-03 2.08113196e-03 2.04115114e-03 2.01735875e-03 1.99455136e-03 1.97073428e-03 1.95662332e-03 1.93947076e-03 1.83871166e-03 0.00000000e+00 1.62413254e-03 1.55211899e-03 0.00000000e+00 1.33005418e-03 1.17924893e-03 0.00000000e+00 9.19662533e-04 7.87801487e-04 6.22179430e-04 4.51435496e-04 2.68481034e-04
3.02883260e-04 5.10073741e-04 6.99862974e-04 8.84511272e-04 1.06572259e-03 1.25079843e-03 1.36962192e-03 1.50995996e-03 1.67282178e-03 1.75138564e-03 1.85645048e-03 1.98851294e-03 2.01083967e-03 2.03303991e-03 2.04115114e-03 2.04145998e-03 2.03545216e-03 2.02217742e-03 2.00073765e-03 1.97073428e-03 1.92892747e-03 1.87281407e-03 1.82315542e-03 1.69647163e-03 1.60049635e-03 1.52544440e-03 1.37195929e-03 1.23484005e-03 1.11848823e-03 9.55585177e-04 7.99154016e-04 6.37844532e-04 4.67912732e-04 2.79151751e-04
2.96291267e-04 4.97107356e-04 6.78301821e-04 8.51510859e-04 1.01622318e-03 1.17462538e-03 1.31345011e-03 1.44818544e-03 1.57866495e-03 1.68485981e-03 1.78606981e-03 1.88037275e-03 1.94076953e-03 1.98794480e-03 2.01735875e-03 2.03545216e-03 2.04237645e-03 2.03804249e-03 2.02217742e-03 1.99455136e-03 1.95496920e-03 1.89855348e-03 1.83092303e-03 1.73651562e-03 1.63683731e-03 1.53208939e-03 1.40394379e-03 1.27085822e-03 1.13413187e-03 9.81806303e-04 8.24018450e-04 6.57917235e-04 4.83117415e-04 2.88368259e-04
2.88368259e-04 4.83117415e-04 6.57917235e-04 8.24018450e-04 9.81806303e-04 1.13413187e-03 1.27085822e-03 1.40394379e-03 1.53208939e-03 1.63683731e-03 1.73651562e-03 1.83092303e-03 1.89855348e-03 1.95496920e-03 1.99455136e-03 2.02217742e-03 2.03804249e-03 2.04237645e-03 2.03545216e-03 2.01735875e-03 1.98794480e-03 1.94076953e-03 1.88037275e-03 1.78606981e-03 1.68485981e-03 1.57866495e-03 1.44818544e-03 1.31345011e-03 1.17462538e-03 1.01622318e-03 8.51510859e-04 6.78301821e-04 4.97107356e-04 2.96291267e-04
2.79151751e-04 4.67912732e-04 6.37844532e-04 7.99154016e-04 9.55585177e-04 1.11848823e-03 1.23484005e-03 1.37195929e-03 1.52544440e-03 1.60049635e-03 1.69647163e-03 1.82315542e-03 1.87281407e-03 1.92892747e-03 1.97073428e-03 2.00073765e-03 2.02217742e-03 2.03545216e-03 2.04145998e-03 2.04115114e-03 2.03303991e-03 2.01083967e-03 1.98851294e-03 1.85645048e-03 1.75138564e-03 1.67282178e-03 1.50995996e-03 1.36962192e-03 1.25079843e-03 1.06572259e-03 8.84511272e-04 6.99862974e-04 5.10073741e-04 3.02883260e-04
2.68481034e-04 4.51435496e-04 6.22179430e-04 7.87801487e-04 9.19662533e-04 0.00000000e+00 1.17924893e-03 1.33005418e-03 0.00000000e+00 1.55211899e-03 1.62413254e-03 0.00000000e+00 1.83871166e-03 1.93947076e-03 1.95662332e-03 1.97073428e-03 1.99455136e-03 2.01735875e-03 2.04115114e-03 2.08113196e-03 2.13029499e-03 2.11233357e-03 0.00000000e+00 1.93286844e-03 1.82170250e-03 0.00000000e+00 1.57525585e-03 1.42872281e-03 0.00000000e+00 1.12978446e-03 9.39702953e-04 7.28426458e-04 5.22101163e-04 3.07981208e-04
2.56473959e-04 4.31758385e-04 6.04050132e-04 0.00000000e+00 8.17337084e-04 3.26260828e-04 1.03556224e-03 1.17852219e-03 1.28115649e-03 1.38561597e-03 1.41854047e-03 5.41990985e-04 1.69010090e-03 0.00000000e+00 1.93947076e-03 1.92892747e-03 1.95496920e-03 1.98794480e-03 2.03303991e-03 2.13029499e-03 0.00000000e+00 2.11785748e-03 2.03415431e-03 1.88385252e-03 1.77597673e-03 1.70303492e-03 1.53634747e-03 1.39784506e-03 1.29019260e-03 1.13439987e-03 0.00000000e+00 7.58189506e-04 5.31260165e-04 3.11006991e-04
2.42255064e-04 4.07791510e-04 5.53126953e-04 6.60319084e-04 7.66598393e-04 8.63076121e-04 9.84770885e-04 1.04523566e-03 4.14257754e-04 1.25374306e-03 1.38077598e-03 1.45123221e-03 1.57115323e-03 1.69010090e-03 1.83871166e-03 1.87281407e-03 1.89855348e-03 1.94076953e-03 2.01083967e-03 2.11233357e-03 2.11785748e-03 2.03484098e-03 1.98885849e-03 1.84933244e-03 1.74651620e-03 1.67579487e-03 1.51337394e-03 1.37733298e-03 1.26872759e-03 1.09845338e-03 9.46767614e-04 7.57278275e-04 5.34352848e-04 3.09974492e-04
2.27698172e-04 3.87075759e-04 0.00000000e+00 2.10571744e-04 7.21953220e-04 0.00000000e+00 9.61931698e-04 1.03396095e-03 0.00000000e+00 1.23489205e-03 1.36779307e-03 0.00000000e+00 1.45123221e-03 5.41990985e-04 0.00000000e+00 1.82315542e-03 1.83092303e-03 1.88037275e-03 1.98851294e-03 0.00000000e+00 2.03415431e-03 1.98885849e-03 0.00000000e+00 1.83976990e-03 1.73947634e-03 0.00000000e+00 1.51147235e-03 1.37349502e-03 0.00000000e+00 1.08340512e-03 9.13675002e-04 0.00000000e+00 5.36210852e-04 3.05753581e-04
2.11015355e-04 3.51840341e-04 4.65019277e-04 5.36025460e-04 6.68342469e-04 8.00785712e-04 8.56425784e-04 9.08493624e-04 1.02808304e-03 1.08730034e-03 1.23186924e-03 1.36779307e-03 1.38077598e-03 1.41854047e-03 1.62413254e-03 1.69647163e-03 1.73651562e-03 1.78606981e-03 1.85645048e-03 1.93286844e-03 1.88385252e-03 1.84933244e-03 1.83976990e-03 1.72206497e-03 1.63239149e-03 1.57052179e-03 1.41917003e-03 1.29122165e-03 1.18601068e-03 1.01242934e-03 8.52694228e-04 7.01118896e-04 5.02767921e-04 2.93036144e-04
1.95548254e-04 3.27377551e-04 4.40382882e-04 5.11714182e-04 5.93429801e-04 7.15477317e-04 7.41443171e-04 2.96560581e-04 8.58281382e-04 3.55096946e-04 1.08730034e-03 1.23489205e-03 1.25374306e-03 1.38561597e-03 1.55211899e-03 1.60049635e-03 1.63683731e-03 1.68485981e-03 1.75138564e-03 1.82170250e-03 1.77597673e-03 1.74651620e-03 1.73947634e-03 1.63239149e-03 1.54934687e-03 1.49064989e-03 1.34877008e-03 1.22757667e-03 1.12620183e-03 9.61203550e-04 8.08877410e-04 6.65419718e-04 4.78074393e-04 2.79063671e-04
1.80849338e-04 3.09598315e-04 0.00000000e+00 4.57482148e-04 1.95436159e-04 0.00000000e+00 7.00348752e-04 7.12545031e-04 0.00000000e+00 8.58281382e-04 1.02808304e-03 0.00000000e+00 4.14257754e-04 1.28115649e-03 0.00000000e+00 1.52544440e-03 1.53208939e-03 1.57866495e-03 1.67282178e-03 0.00000000e+00 1.70303492e-03 1.67579487e-03 0.00000000e+00 1.57052179e-03 1.49064989e-03 0.00000000e+00 1.30057928e-03 1.18246207e-03 0.00000000e+00 9.27729263e-04 7.78817912e-04 0.00000000e+00 4.62076339e-04 2.64456723e-04
1.63278646e-04 2.74024512e-04 3.68842665e-04 4.24580158e-04 4.84617147e-04 5.91184423e-04 6.12764849e-04 2.46543374e-04 7.12545031e-04 2.96560581e-04 9.08493624e-04 1.03396095e-03 1.04523566e-03 1.17852219e-03 1.33005418e-03 1.37195929e-03 1.40394379e-03 1.44818544e-03 1.50995996e-03 1.57525585e-03 1.53634747e-03 1.51337394e-03 1.51147235e-03 1.41917003e-03 1.34877008e-03 1.30057928e-03 1.17672710e-03 1.07167026e-03 9.84756025e-04 8.39987984e-04 7.06968892e-04 5.82546566e-04 4.18407379e-04 2.44090907e-04
1.45948217e-04 2.43326053e-04 3.23074533e-04 3.75744794e-04 4.59332877e-04 5.47556022e-04 5.82728331e-04 6.12764849e-04 7.00348752e-04 7.41443171e-04 8.56425784e-04 9.61931698e-04 9.84770885e-04 1.03556224e-03 1.17924893e-03 1.23484005e-03 1.27085822e-03 1.31345011e-03 1.36962192e-03 1.42872281e-03 1.39784506e-03 1.37733298e-03 1.37349502e-03 1.29122165e-03 1.22757667e-03 1.18246207e-03 1.07167026e-03 9.76672029e-04 8.96973412e-04 7.66888583e-04 6.46319403e-04 5.31563624e-04 3.82041586e-04 2.23148498e-04
1.29416560e-04 2.19468345e-04 0.00000000e+00 1.19752506e-04 4.10579624e-04 0.00000000e+00 5.47556022e-04 5.91184423e-04 0.00000000e+00 7.15477317e-04 8.00785712e-04 0.00000000e+00 8.63076121e-04 3.26260828e-04 0.00000000e+00 1.11848823e-03 1.13413187e-03 1.17462538e-03 1.25079843e-03 0.00000000e+00 1.29019260e-03 1.26872759e-03 0.00000000e+00 1.18601068e-03 1.12620183e-03 0.00000000e+00 9.84756025e-04 8.96973412e-04 0.00000000e+00 7.09064755e-04 5.98293218e-04 0.00000000e+00 3.53016956e-04 2.01703473e-04
1.11801418e-04 1.87312155e-04 2.51014206e-04 2.95389809e-04 3.54534218e-04 4.10579624e-04 4.59332877e-04 4.84617147e-04 1.95436159e-04 5.93429801e-04 6.68342469e-04 7.21953220e-04 7.66598393e-04 8.17337084e-04 9.19662533e-04 9.55585177e-04 9.81806303e-04 1.01622318e-03 1.06572259e-03 1.12978446e-03 1.13439987e-03 1.09845338e-03 1.08340512e-03 1.01242934e-03 9.61203550e-04 9.27729263e-04 8.39987984e-04 7.66888583e-04 7.09064755e-04 6.13793451e-04 5.29189223e-04 4.26482820e-04 3.01841716e-04 1.75248313e-04
9.41028924e-05 1.57554193e-04 2.19036485e-04 0.00000000e+00 2.95389809e-04 1.19752506e-04 3.75744794e-04 4.24580158e-04 4.57482148e-04 5.11714182e-04 5.36025460e-04 2.10571744e-04 6.60319084e-04 0.00000000e+00 7.87801487e-04 7.99154016e-04 8.24018450e-04 8.51510859e-04 8.84511272e-04 9.39702953e-04 0.00000000e+00 9.46767614e-04 9.13675002e-04 8.52694228e-04 8.08877410e-04 7.78817912e-04 7.06968892e-04 6.46319403e-04 5.98293218e-04 5.29189223e-04 0.00000000e+00 3.57908538e-04 2.51368688e-04 1.47326389e-04
7.55879497e-05 1.26525433e-04 1.74000671e-04 2.19036485e-04 2.51014206e-04 0.00000000e+00 3.23074533e-04 3.68842665e-04 0.00000000e+00 4.40382882e-04 4.65019277e-04 0.00000000e+00 5.53126953e-04 6.04050132e-04 6.22179430e-04 6.37844532e-04 6.57917235e-04 6.78301821e-04 6.99862974e-04 7.28426458e-04 7.58189506e-04 7.57278275e-04 0.00000000e+00 7.01118896e-04 6.65419718e-04 0.00000000e+00 5.82546566e-04 5.31563624e-04 0.00000000e+00 4.26482820e-04 3.57908538e-04 2.78064971e-04 1.99204741e-04 1.17643671e-04
5.61668816e-05 9.33340800e-05 1.26525433e-04 1.57554193e-04 1.87312155e-04 2.19468345e-04 2.43326053e-04 2.74024512e-04 3.09598315e-04 3.27377551e-04 3.51840341e-04 3.87075759e-04 4.07791510e-04 4.31758385e-04 4.51435496e-04 4.67912732e-04 4.83117415e-04 4.97107356e-04 5.10073741e-04 5.22101163e-04 5.31260165e-04 5.34352848e-04 5.36210852e-04 5.02767921e-04 4.78074393e-04 4.62076339e-04 4.18407379e-04 3.82041586e-04 3.53016956e-04 3.01841716e-04 2.51368688e-04 1.99204741e-04 1.45418291e-04 8.67732245e-05
3.43547972e-05 5.61668816e-05 7.55879497e-05 9.41028924e-05 1.11801418e-04 1.29416560e-04 1.45948217e-04 1.63278646e-04 1.80849338e-04 1.95548254e-04 2.11015355e-04 2.27698172e-04 2.42255064e-04 2.56473959e-04 2.68481034e-04 2.79151751e-04 2.88368259e-04 2.96291267e-04 3.02883260e-04 3.07981208e-04 3.11006991e-04 3.09974492e-04 3.05753581e-04 2.93036144e-04 2.79063671e-04 2.64456723e-04 2.44090907e-04 2.23148498e-04 2.01703473e-04 1.75248313e-04 1.47326389e-04 1.17643671e-04 8.67732245e-05 5.27642862e-05
