% Flux array organization: [group][i_x][j_y]
% Flux matrices below are printed with i_x (columns) and j_y (rows).

cellx 0.03775000 0.11325000 0.39050000 0.86950000 1.18450000 1.33550000 1.65050000 2.12950000 2.44450000 2.59550000 2.91050000 3.38950000 3.70450000 3.85550000 4.17050000 4.64950000 4.96450000 5.11550000 5.43050000 5.90950000 6.22450000 6.37550000 6.69050000 7.16950000 7.48450000 7.63550000 7.95050000 8.42950000 8.74450000 8.89550000 9.21050000 9.68950000 10.00450000 10.15550000 10.47050000 10.94950000 11.26450000 11.41550000 11.73050000 12.20950000 12.52450000 12.67550000 12.99050000 13.46950000 13.78450000 13.93550000 14.25050000 14.72950000 15.04450000 15.19550000 15.51050000 15.98950000 16.30450000 16.45550000 16.77050000 17.24950000 17.56450000 17.71550000 18.03050000 18.50950000 18.82450000 18.97550000 19.29050000 19.76950000 20.08450000 20.23550000 20.55050000 21.02950000 21.34450000 21.49550000 21.81050000 22.28950000 22.60450000 22.75550000 23.07050000 23.54950000 23.86450000 24.01550000 24.33050000 24.80950000 25.12450000 25.27550000 25.59050000 26.06950000 26.38450000 26.53550000 26.85050000 27.32950000 27.64450000 27.79550000 28.11050000 28.58950000 28.90450000 29.05550000 29.37050000 29.84950000 30.16450000 30.31550000 30.63050000 31.10950000 31.42450000 31.57550000 31.89050000 32.36950000 32.68450000 32.83550000 33.15050000 33.62950000 33.94450000 34.09550000 34.41050000 34.88950000 35.20450000 35.35550000 35.67050000 36.14950000 36.46450000 36.61550000 36.93050000 37.40950000 37.72450000 37.87550000 38.19050000 38.66950000 38.98450000 39.13550000 39.45050000 39.92950000 40.24450000 40.39550000 40.71050000 41.18950000 41.50450000 41.65550000 41.97050000 42.44950000 42.72675000 42.80225000
celly 0.03775000 0.11325000 0.39050000 0.86950000 1.18450000 1.33550000 1.65050000 2.12950000 2.44450000 2.59550000 2.91050000 3.38950000 3.70450000 3.85550000 4.17050000 4.64950000 4.96450000 5.11550000 5.43050000 5.90950000 6.22450000 6.37550000 6.69050000 7.16950000 7.48450000 7.63550000 7.95050000 8.42950000 8.74450000 8.89550000 9.21050000 9.68950000 10.00450000 10.15550000 10.47050000 10.94950000 11.26450000 11.41550000 11.73050000 12.20950000 12.52450000 12.67550000 12.99050000 13.46950000 13.78450000 13.93550000 14.25050000 14.72950000 15.04450000 15.19550000 15.51050000 15.98950000 16.30450000 16.45550000 16.77050000 17.24950000 17.56450000 17.71550000 18.03050000 18.50950000 18.82450000 18.97550000 19.29050000 19.76950000 20.08450000 20.23550000 20.55050000 21.02950000 21.34450000 21.49550000 21.81050000 22.28950000 22.60450000 22.75550000 23.07050000 23.54950000 23.86450000 24.01550000 24.33050000 24.80950000 25.12450000 25.27550000 25.59050000 26.06950000 26.38450000 26.53550000 26.85050000 27.32950000 27.64450000 27.79550000 28.11050000 28.58950000 28.90450000 29.05550000 29.37050000 29.84950000 30.16450000 30.31550000 30.63050000 31.10950000 31.42450000 31.57550000 31.89050000 32.36950000 32.68450000 32.83550000 33.15050000 33.62950000 33.94450000 34.09550000 34.41050000 34.88950000 35.20450000 35.35550000 35.67050000 36.14950000 36.46450000 36.61550000 36.93050000 37.40950000 37.72450000 37.87550000 38.19050000 38.66950000 38.98450000 39.13550000 39.45050000 39.92950000 40.24450000 40.39550000 40.71050000 41.18950000 41.50450000 41.65550000 41.97050000 42.44950000 42.72675000 42.80225000
refinement 2

phi1
0.17206057 0.17462796 0.19106334 0.23717035 0.27393122 0.28764247 0.30312503 0.34291760 0.38194394 0.39316413 0.40680914 0.44650592 0.48635695 0.49852412 0.50670945 0.54467583 0.58412164 0.59432577 0.59577219 0.63353531 0.68416029 0.69767301 0.69553364 0.73094375 0.78166204 0.79261302 0.78318351 0.81815990 0.87315183 0.88477179 0.87672752 0.90957607 0.96539733 0.97756462 0.96812968 1.00374555 1.05875857 1.06983896 1.05281630 1.08608456 1.14742822 1.15697566 1.13637591 1.16853638 1.23694318 1.24945864 1.22606963 1.25889560 1.32226345 1.33065835 1.29710771 1.32858180 1.40490717 1.41764478 1.39050380 1.41439484 1.47871965 1.48652926 1.45565076 1.48331471 1.54778100 1.55705688 1.51725796 1.54276418 1.61590098 1.62143001 1.57804275 1.58607581 1.64631009 1.65090335 1.60735490 1.62746931 1.69198481 1.69524743 1.63728883 1.64058891 1.70445424 1.70502971 1.64696709 1.64068585 1.69610004 1.69612934 1.63627804 1.63516535 1.68856753 1.68436610 1.60930425 1.59472962 1.65255273 1.65108546 1.58371297 1.56029457 1.60070987 1.59098390 1.51891985 1.49887099 1.53892302 1.53054908 1.45360418 1.41992178 1.45491610 1.44642740 1.37442014 1.34002290 1.36748605 1.35357434 1.27559430 1.23853978 1.26181450 1.24814234 1.17318787 1.12575871 1.14089354 1.12787174 1.05908092 1.01441059 1.02195754 1.00433902 0.92901609 0.87851072 0.88387429 0.86773668 0.80238322 0.74494708 0.73877123 0.72126975 0.65727461 0.60322700 0.59152992 0.57440631 0.51023841 0.44809567 0.42900187 0.40821909 0.34961930 0.28155736 0.25976184 0.25543927
0.17462796 0.18370349 0.20188673 0.24805286 0.28649406 0.30205812 0.32203579 0.35948736 0.39728235 0.41257038 0.42897644 0.46932051 0.50727800 0.52409444 0.53517973 0.57241544 0.61248372 0.62458219 0.62976492 0.66415725 0.71362817 0.73292421 0.73571956 0.76802488 0.81536251 0.83270079 0.82751698 0.85895409 0.91375699 0.93092014 0.92627427 0.95577192 1.00866309 1.02677455 1.02227572 1.05571845 1.10795570 1.12203425 1.11072974 1.14256909 1.20281801 1.21618308 1.19835646 1.22838058 1.29318368 1.31185078 1.29438043 1.32414434 1.38498183 1.39633130 1.36907864 1.39695166 1.47074941 1.49042791 1.46772560 1.48822460 1.54731122 1.56216337 1.53585068 1.55902906 1.62233326 1.63517901 1.60269986 1.62338611 1.69158226 1.70420239 1.66489905 1.67033521 1.72476665 1.73251111 1.69483902 1.71400646 1.77629031 1.77929967 1.72640240 1.72838302 1.78737800 1.79089794 1.73616474 1.72949737 1.77940175 1.77858045 1.72393287 1.72324696 1.77403042 1.76785601 1.69693359 1.68158863 1.73308212 1.73199899 1.66841789 1.64687064 1.68072911 1.66711292 1.59873230 1.58068603 1.61815494 1.60702704 1.53129962 1.49712884 1.52613479 1.51424527 1.44861620 1.41732225 1.43638671 1.41406229 1.34002314 1.30962676 1.32837068 1.30842984 1.23317512 1.18891415 1.19915702 1.17831231 1.11409197 1.07349530 1.07471905 1.04757075 0.97469410 0.93115096 0.92992067 0.90814601 0.84200368 0.78825797 0.77730435 0.74956780 0.69029647 0.63903901 0.62167759 0.59621169 0.53355209 0.47764241 0.45143929 0.42492599 0.36452384 0.29860454 0.27451007 0.25976184
0.19106334 0.20188673 0.24020260 0.29900210 0.33247653 0.34919268 0.38957791 0.43901454 0.46349586 0.47859788 0.51783275 0.56885066 0.59398730 0.60794356 0.64841430 0.69524520 0.71528192 0.72713253 0.76496298 0.80886531 0.82873957 0.84693743 0.89150636 0.93586358 0.95056656 0.96302381 1.00304367 1.04554543 1.06345845 1.08022953 1.12322550 1.16477145 1.17869468 1.19504291 1.23992688 1.28254511 1.29420039 1.30571671 1.34963961 1.39084179 1.39998973 1.41171743 1.45345083 1.49287325 1.50367120 1.52176996 1.57274658 1.60988047 1.61035044 1.62021482 1.66547405 1.70448964 1.71245766 1.73038613 1.77828455 1.81066506 1.80909179 1.82158912 1.86527536 1.89366175 1.89156604 1.90532371 1.95488702 1.98142330 1.97014335 1.97949320 2.01676601 2.03347039 2.02023156 2.02607040 2.06299956 2.07939150 2.06348300 2.06793511 2.10441552 2.11087806 2.08412894 2.08541089 2.11116684 2.10819634 2.07840188 2.07618196 2.09802512 2.09124451 2.06079339 2.05722310 2.07180515 2.05274188 2.01631401 2.01487383 2.03174536 2.00717331 1.95707314 1.94273505 1.94620994 1.92038157 1.88086061 1.87047149 1.86649890 1.82470549 1.77679761 1.76884751 1.76881041 1.72627001 1.66883403 1.64729172 1.63684773 1.59362170 1.54218592 1.52260893 1.50118390 1.44455675 1.39095775 1.37595763 1.36075462 1.30451534 1.24391426 1.21823455 1.19320585 1.13401836 1.07701527 1.05480632 1.02345625 0.95718103 0.89919222 0.87690373 0.84380089 0.77422297 0.71552997 0.69030900 0.65281122 0.57895858 0.51715468 0.49023750 0.44212011 0.35672602 0.29860454 0.28155736
0.23717035 0.24805286 0.29900210 0.37963666 0.42133583 0.43675291 0.48981867 0.56368050 0.59698261 0.60940788 0.65935726 0.72798294 0.76005090 0.77237230 0.82345545 0.88958223 0.91430856 0.92416536 0.97362889 1.03744495 1.06136373 1.07427602 1.13383702 1.19816846 1.21523570 1.22423472 1.27804318 1.34060853 1.35726512 1.36751638 1.42765328 1.49458531 1.51257164 1.52493125 1.58411523 1.64268401 1.65344547 1.66270749 1.72178844 1.77973880 1.78424598 1.79058780 1.85174961 1.91456697 1.92549213 1.93723011 2.00512230 2.06095715 2.05606377 2.06041400 2.12435274 2.18534691 2.18847272 2.19758921 2.26503059 2.32164579 2.32046170 2.32733038 2.38494770 2.43010112 2.42326652 2.43291111 2.50121411 2.54004938 2.51617164 2.51841515 2.57530083 2.61122207 2.59447725 2.59701094 2.64475061 2.66070241 2.62938031 2.63289618 2.69077578 2.70885908 2.66910972 2.66561471 2.70511070 2.70565615 2.66627068 2.66502298 2.69304062 2.67176187 2.62043793 2.62079477 2.65335007 2.63171413 2.57753244 2.57768926 2.60515007 2.56874576 2.50204081 2.49316397 2.50152544 2.45250683 2.38646687 2.37935932 2.38959285 2.34091244 2.27655364 2.26919581 2.27157857 2.20919118 2.13334717 2.12027351 2.10836546 2.02980929 1.95176665 1.94024229 1.92522285 1.84770910 1.77602723 1.76514356 1.74729889 1.66441969 1.58399156 1.56706902 1.53694990 1.44276290 1.36347397 1.34631651 1.31245596 1.22032308 1.14714394 1.13047470 1.08639816 0.98394645 0.90725062 0.88946157 0.83975307 0.72696500 0.64599935 0.62430753 0.56391898 0.44212011 0.36452384 0.34961930
0.27393122 0.28649406 0.33247653 0.42133583 0.48314075 0.50204665 0.54354078 0.62810089 0.68842678 0.70527902 0.73874914 0.81388333 0.87423225 0.89235484 0.92018287 0.99231067 1.05326810 1.06700252 1.08751803 1.15794288 1.22404536 1.24092986 1.26683445 1.33693465 1.39748411 1.41428268 1.43189301 1.49782810 1.56083789 1.57365248 1.59470180 1.67162931 1.74363229 1.75995706 1.77490928 1.83801599 1.90186033 1.91633754 1.92444301 1.98566379 2.05168645 2.06296417 2.07187867 2.14471446 2.22392606 2.23804380 2.24103328 2.30189324 2.37030573 2.37806638 2.37293347 2.43857717 2.52049407 2.53419715 2.53477206 2.60075690 2.67906093 2.68916530 2.67285390 2.72250361 2.79990827 2.81212191 2.79586019 2.83652009 2.90301822 2.90876757 2.88754630 2.92911308 2.99559765 3.00100142 2.96705469 2.98117175 3.03534064 3.03758873 3.00540253 3.02933480 3.08447484 3.08104775 3.03037550 3.03229889 3.08379005 3.08449572 3.02352890 2.99340816 3.02197955 3.01855176 2.96169173 2.94427613 2.98214103 2.98129277 2.91422975 2.87322335 2.89561932 2.88751036 2.80914067 2.74493563 2.74618001 2.73545973 2.66902662 2.62536993 2.63600930 2.62087480 2.54133345 2.47338433 2.47050661 2.45555025 2.36339321 2.26732015 2.24586114 2.23139724 2.15217231 2.07452085 2.05920073 2.03775878 1.95196648 1.86232575 1.83639743 1.81390799 1.71732777 1.60932532 1.57473296 1.55371928 1.46728131 1.36851881 1.33194961 1.30585932 1.21383629 1.10041209 1.05319253 1.02887964 0.93511439 0.80655897 0.74542049 0.71853463 0.62430753 0.49023750 0.42492599 0.40821909
0.28764247 0.30205812 0.34919268 0.43675291 0.50204665 0.53250807 0.57155205 0.65085607 0.71837273 0.74172858 0.77326930 0.84515377 0.91301769 0.94015937 0.96486993 1.03236222 1.10040636 1.12346395 1.13891201 1.20453129 1.27946090 1.30328745 1.32238397 1.39101112 1.46284337 1.48582327 1.49881610 1.55938146 1.63289671 1.65812264 1.67065797 1.74071829 1.82460939 1.84809135 1.85374779 1.91378297 1.99049335 2.01372717 2.01082143 2.06683213 2.14945820 2.17154050 2.17105554 2.23495192 2.32642779 2.35258587 2.34225254 2.39477482 2.48015382 2.50043138 2.48057381 2.53829124 2.63968857 2.66483601 2.65374306 2.71414481 2.80950937 2.82645417 2.79409309 2.83835501 2.93426707 2.95714680 2.92055327 2.95829173 3.04871668 3.05801605 3.02120294 3.05929388 3.14594490 3.15838530 3.10520906 3.11306232 3.18472769 3.19437726 3.13981297 3.15913624 3.23791100 3.23627788 3.16522353 3.16457532 3.23726304 3.24017107 3.16253503 3.13419608 3.17782918 3.16902096 3.08791991 3.07540664 3.13641993 3.12793748 3.03751206 3.00140720 3.04455845 3.03039276 2.93415685 2.87353706 2.88898461 2.87016444 2.78501907 2.74626455 2.77131511 2.74658181 2.64653444 2.58274988 2.59559720 2.57213816 2.46414819 2.37645190 2.36679318 2.33665477 2.24264628 2.17416223 2.16805001 2.13467691 2.03135836 1.94749744 1.93300228 1.89922846 1.78659816 1.68554819 1.66039113 1.62514906 1.52891568 1.43769196 1.40426761 1.36299932 1.25921009 1.15330143 1.10927900 1.07220748 0.96836381 0.84829851 0.78991440 0.74542049 0.64599935 0.51715468 0.45143929 0.42900187
0.30312503 0.32203579 0.38957791 0.48981867 0.54354078 0.57155205 0.63747400 0.72365966 0.77282360 0.79898173 0.86037679 0.94043777 0.98270621 1.00889331 1.07169412 1.14793291 1.18670916 1.20923377 1.26790224 1.34057675 1.37842805 1.40284869 1.46506750 1.53906739 1.57039952 1.59165581 1.66262615 1.73945673 1.76811819 1.79062506 1.85653468 1.92895509 1.95883440 1.98467371 2.05773025 2.12614882 2.14221892 2.16064506 2.22771530 2.29691028 2.32357448 2.35031320 2.41948951 2.47994329 2.49498859 2.52145465 2.59627937 2.65933444 2.67172926 2.69056313 2.75901417 2.82785598 2.85146819 2.87748482 2.95207373 3.01444689 3.02015364 3.03701517 3.10786106 3.16570406 3.17191065 3.18804313 3.24710791 3.29141279 3.29069956 3.30645471 3.37360098 3.41265866 3.39646041 3.40782748 3.46271901 3.47794039 3.44738127 3.45182637 3.49506955 3.51200445 3.49261767 3.49760857 3.53011089 3.52119474 3.47989562 3.48251866 3.51897914 3.49880362 3.43738640 3.42327553 3.44402259 3.42658841 3.37848437 3.36926047 3.38026046 3.33796877 3.26989724 3.25526478 3.26237078 3.20739053 3.12971536 3.10976023 3.10915145 3.05056423 2.97109448 2.94930486 2.93931505 2.86812521 2.78465718 2.75896764 2.73636443 2.65099265 2.56075324 2.53107861 2.50584396 2.41808006 2.32400663 2.29242670 2.25805033 2.16556655 2.07877713 2.04423982 1.99120412 1.87953915 1.78632975 1.75468425 1.70798697 1.60019847 1.50290934 1.46228211 1.40124568 1.28420983 1.19119459 1.15064657 1.07670578 0.94683145 0.84829851 0.80655897 0.72696500 0.57895858 0.47764241 0.44809567
0.34291760 0.35948736 0.43901454 0.56368050 0.62810089 0.65085607 0.72365966 0.82927660 0.88367110 0.90773302 0.98038053 1.08030876 1.12963284 1.14922832 1.21864619 1.30945130 1.35170861 1.37399122 1.44381559 1.53170015 1.56898046 1.58913221 1.66217299 1.75017991 1.78347389 1.79864108 1.88054067 1.98575430 2.02166562 2.03279625 2.10319323 2.19377680 2.22826200 2.24954653 2.33465704 2.42123724 2.43921631 2.45088029 2.52583360 2.61323329 2.64472457 2.67107888 2.75046209 2.82214794 2.83618753 2.85601630 2.94491312 3.02758482 3.03742656 3.05005886 3.13841824 3.23436064 3.25494049 3.26850801 3.35640088 3.44361060 3.45384204 3.46308867 3.54705636 3.62634562 3.62816146 3.63170809 3.70313130 3.76769522 3.76907494 3.78398196 3.85944974 3.90590662 3.88591303 3.89039729 3.95599028 3.98936130 3.95964061 3.95859609 4.00202551 4.01297885 3.98502092 3.99533359 4.04161923 4.03072376 3.97719024 3.97593609 4.01482419 3.99393945 3.92852068 3.91820908 3.94221944 3.90992935 3.84196795 3.83010208 3.85068767 3.80466280 3.72521924 3.71162674 3.71822048 3.65640561 3.57556583 3.56036638 3.54995036 3.46123448 3.36848885 3.35622193 3.34919999 3.26014584 3.16129242 3.13934446 3.11543369 3.01641416 2.92246175 2.90220132 2.86586966 2.74449204 2.63916639 2.61978508 2.58073972 2.45828929 2.35402928 2.33136429 2.27900029 2.14267333 2.03803412 2.01405341 1.95614123 1.81490379 1.70675541 1.68035161 1.61115198 1.46300927 1.35378457 1.31951625 1.23674214 1.07670578 0.96836381 0.93511439 0.83975307 0.65281122 0.53355209 0.51023841
0.38194394 0.39728235 0.46349586 0.59698261 0.68842678 0.71837273 0.77282360 0.88367110 0.96978207 0.99611231 1.04385796 1.15258012 1.24341830 1.27014223 1.30243119 1.39425912 1.47739401 1.50499043 1.53802799 1.62799907 1.71359845 1.73722561 1.76637541 1.85910655 1.95028677 1.97329947 1.99334337 2.10297561 2.21030076 2.22809158 2.23667348 2.33154024 2.44306460 2.46712800 2.47405387 2.56379985 2.66901276 2.68970116 2.68660293 2.77639784 2.89105469 2.91816649 2.91819267 2.99872194 3.11108312 3.13512554 3.12829328 3.21031006 3.31568250 3.33482938 3.33515305 3.44040367 3.56588965 3.58199773 3.57330683 3.67703097 3.81049559 3.82334349 3.78574459 3.85992527 3.97742339 3.98836292 3.95539951 4.02873192 4.15033263 4.16261383 4.11085648 4.16129879 4.27749204 4.28574285 4.21713370 4.25287734 4.36148763 4.36706187 4.28412034 4.28800856 4.38039673 4.38841743 4.30822452 4.30738818 4.39440026 4.39144505 4.28135748 4.25134510 4.32320539 4.31528451 4.20199449 4.15702965 4.20855576 4.19098871 4.08574485 4.04748175 4.10310823 4.08627287 3.95485517 3.88720349 3.92861584 3.91068287 3.77088724 3.67646430 3.70382154 3.68337596 3.55335027 3.46120316 3.47617675 3.45158511 3.31245548 3.20880703 3.21409778 3.18781732 3.04194477 2.91470320 2.90902895 2.88086757 2.74376223 2.60932398 2.58045683 2.55449859 2.42164991 2.28554461 2.24902404 2.21530914 2.07960637 1.93251965 1.89037665 1.85569052 1.72015226 1.55962307 1.49390760 1.45532467 1.31951625 1.15064657 1.07220748 1.02887964 0.88946157 0.69030900 0.59621169 0.57440631
0.39316413 0.41257038 0.47859788 0.60940788 0.70527902 0.74172858 0.79898173 0.90773302 0.99611231 1.02943080 1.07252153 1.17863392 1.27732402 1.31201656 1.34455043 1.43494455 1.52389970 1.55309533 1.58154124 1.66789509 1.75972906 1.79299819 1.81242668 1.89507139 1.99444085 2.03157020 2.05085130 2.15346532 2.27282121 2.30358565 2.30901615 2.39350318 2.50824709 2.54094662 2.53033530 2.60970425 2.73280959 2.76704361 2.76561765 2.85839927 2.98293887 3.01077057 2.99787460 3.07527994 3.19724757 3.22637085 3.20363795 3.27723625 3.40130251 3.43251976 3.42702843 3.52745393 3.67101753 3.70770845 3.68704692 3.77839244 3.92667486 3.95273373 3.89660526 3.95618361 4.09550308 4.12381524 4.08279069 4.14435605 4.27545967 4.29627764 4.22500327 4.27063385 4.40818068 4.42547470 4.33875296 4.36757151 4.49639557 4.50511448 4.41305301 4.42184834 4.52713974 4.52965556 4.42633391 4.43130187 4.54164285 4.53817258 4.40743816 4.37783450 4.46896554 4.45388299 4.32035249 4.26972090 4.33061822 4.31047279 4.17878859 4.14207942 4.22237060 4.20463191 4.06259444 4.00222298 4.05947913 4.03351280 3.87691392 3.78686788 3.82008091 3.78193844 3.62496151 3.54400317 3.58533595 3.55378271 3.40530869 3.30904324 3.32305540 3.28526538 3.12295636 3.00163290 2.99763222 2.94929100 2.79583395 2.67898210 2.66728374 2.62270793 2.48094856 2.35660831 2.32606367 2.28060269 2.13333876 1.99759157 1.95933541 1.90838609 1.76102670 1.60807457 1.54848129 1.49390760 1.35378457 1.19119459 1.10927900 1.05319253 0.90725062 0.71552997 0.62167759 0.59152992
0.40680914 0.42897644 0.51783275 0.65935726 0.73874914 0.77326930 0.86037679 0.98038053 1.04385796 1.07252153 1.15363261 1.26514869 1.32637200 1.35990537 1.44402739 1.54738076 1.59413367 1.61857438 1.70081426 1.79679787 1.83444984 1.85648950 1.91097230 1.99399225 2.05639859 2.10212533 2.20540196 2.32410350 2.38032867 2.41403878 2.49534433 2.57928555 2.60538714 2.62098906 2.66687741 2.74971116 2.81955253 2.86769722 2.97733006 3.09333130 3.13211840 3.15244812 3.22986739 3.30355869 3.31302472 3.32201364 3.37124180 3.45596897 3.52082503 3.56952402 3.69276277 3.80619448 3.83473948 3.87140991 3.97815730 4.06711904 4.07995675 4.10264947 4.19016951 4.26893120 4.28748867 4.31918148 4.40882448 4.46891933 4.46351361 4.48125607 4.55397653 4.60337490 4.59923524 4.61628678 4.68001866 4.71202181 4.69091621 4.69907850 4.75868956 4.77818846 4.74062799 4.73898165 4.78281109 4.77810705 4.72781737 4.72601147 4.76046879 4.73316640 4.66231519 4.64874263 4.67270506 4.61595409 4.51304794 4.46855547 4.41238979 4.36337853 4.35353306 4.36423421 4.38684631 4.33162669 4.24371541 4.21996324 4.20356452 4.09921433 3.97370463 3.91316638 3.83165554 3.74668968 3.70831160 3.70137812 3.68630839 3.58368693 3.47311243 3.43685532 3.38441034 3.24181617 3.10437706 3.03918893 2.94331919 2.82824510 2.76146912 2.73406823 2.68255658 2.54314233 2.41909164 2.37730135 2.30648855 2.15707380 2.03444051 1.98560631 1.89924741 1.73465106 1.60807457 1.55962307 1.46300927 1.28420983 1.15330143 1.10041209 0.98394645 0.77422297 0.63903901 0.60322700
0.44650592 0.46932051 0.56885066 0.72798294 0.81388333 0.84515377 0.94043777 1.08030876 1.15258012 1.17863392 1.26514869 1.38794323 1.44797607 1.47465492 1.56852038 1.68717756 1.73744412 1.76027243 1.84909636 1.95862945 1.99545618 2.00329791 2.05763295 2.16332700 2.24157370 2.28854458 2.40935144 2.54768641 2.60403935 2.63822183 2.73281909 2.82524380 2.84316140 2.84457271 2.89231057 2.99646990 3.07701218 3.12395654 3.25294552 3.39334831 3.43188547 3.44598243 3.53112700 3.60866996 3.60214837 3.58997178 3.63532088 3.74282491 3.82920411 3.88572592 4.02734644 4.16528627 4.19599022 4.22094531 4.33788107 4.43876578 4.44151500 4.46096335 4.57981065 4.69302782 4.71378680 4.73650495 4.83327045 4.91000475 4.90661464 4.92063793 5.00945627 5.06985680 5.04996523 5.05822992 5.14398048 5.19027835 5.15781134 5.15957394 5.22341362 5.24540573 5.20451967 5.20496490 5.25656410 5.23817397 5.16040527 5.15360402 5.20650589 5.18270856 5.10124621 5.09590648 5.12781047 5.05825428 4.93573016 4.87784086 4.80371864 4.74333306 4.74094441 4.77062344 4.81414390 4.75906401 4.66130136 4.64292246 4.62864166 4.49923231 4.34924479 4.28606208 4.18987600 4.08106283 4.04333559 4.05575683 4.05038532 3.93508257 3.81186610 3.78118542 3.72655692 3.55200167 3.38925457 3.32472529 3.21067561 3.06486735 2.99843188 2.99152755 2.93997210 2.77624920 2.63800437 2.60128565 2.52711250 2.35081147 2.21230692 2.17558378 2.08870527 1.89924741 1.76102670 1.72015226 1.61115198 1.40124568 1.25921009 1.21383629 1.08639816 0.84380089 0.69029647 0.65727461
0.48635695 0.50727800 0.59398730 0.76005090 0.87423225 0.91301769 0.98270621 1.12963284 1.24341830 1.27732402 1.32637200 1.44797607 1.55491745 1.58328240 1.62661117 1.74727655 1.85444517 1.88575660 1.91459187 2.02435855 2.12944967 2.14358800 2.15792600 2.27771087 2.41656453 2.46450775 2.51269236 2.65403046 2.78768789 2.82575085 2.84407850 2.94139888 3.05477806 3.07070497 3.05804481 3.17145049 3.32529535 3.36637123 3.39041474 3.52979457 3.67447376 3.69601300 3.67899590 3.75362809 3.86029416 3.85739425 3.81870136 3.93441168 4.11510834 4.17126821 4.17807394 4.32029265 4.49995218 4.52805357 4.50237350 4.60032087 4.75454858 4.78655545 4.77205832 4.90250345 5.07771297 5.10274252 5.04646538 5.13151770 5.29780904 5.31875641 5.25288750 5.30885094 5.44518857 5.45463883 5.38291224 5.43911252 5.57400102 5.57581111 5.46255966 5.47670176 5.60702606 5.61127110 5.48938696 5.45748583 5.54142544 5.52589800 5.39870031 5.38231978 5.48588120 5.48449232 5.33130348 5.25843432 5.31693144 5.27362415 5.09233028 5.03070524 5.13442348 5.14457032 5.01632633 4.96468272 5.03092811 5.00749541 4.82462170 4.68758115 4.69565182 4.64424817 4.44456328 4.32561980 4.37767670 4.37038016 4.21523243 4.10103490 4.11415024 4.07605076 3.88496702 3.70273970 3.66411755 3.60679198 3.40712520 3.24409471 3.23856965 3.21545205 3.04871318 2.88130052 2.83929625 2.78870271 2.61797285 2.43665266 2.37976722 2.33915168 2.17558378 1.98560631 1.90838609 1.85569052 1.68035161 1.46228211 1.36299932 1.30585932 1.13047470 0.87690373 0.74956780 0.72126975
0.49852412 0.52409444 0.60794356 0.77237230 0.89235484 0.94015937 1.00889331 1.14922832 1.27014223 1.31201656 1.35990537 1.47465492 1.58328240 1.62183663 1.65315494 1.76660845 1.88784265 1.92882317 1.95458086 2.05822635 2.17314083 2.19754574 2.21032336 2.32701867 2.47128794 2.52780632 2.56783278 2.70870236 2.85711049 2.89658182 2.90046957 2.99283423 3.12349833 3.15721419 3.15409537 3.26176705 3.41171545 3.45780042 3.46497845 3.59413470 3.75931315 3.79495432 3.76166339 3.82203935 3.94221171 3.95373018 3.91044825 4.02363767 4.21617368 4.27830550 4.26655059 4.39563566 4.59306976 4.62983361 4.57132724 4.65443544 4.83795038 4.88795672 4.86813944 5.00418417 5.20316130 5.23668071 5.15945173 5.23782833 5.42857203 5.45807022 5.37112086 5.41831441 5.57551533 5.59433135 5.50018825 5.55417063 5.71654746 5.72388126 5.58692646 5.59305718 5.74556758 5.75292892 5.60534674 5.56279922 5.65676283 5.63087742 5.46454712 5.45438191 5.60126226 5.60286702 5.43055520 5.37094530 5.46327679 5.43116125 5.25810708 5.19663473 5.28815157 5.27759441 5.11718240 5.06905457 5.16002010 5.12800077 4.91699571 4.78649123 4.82188193 4.77179111 4.57929266 4.46689394 4.50633778 4.47348167 4.29180133 4.18862690 4.22190985 4.17221310 3.95723140 3.78597659 3.76986098 3.70609211 3.51200651 3.35618978 3.33881232 3.29099385 3.10326558 2.94240018 2.90392782 2.83422351 2.64198197 2.47452787 2.43624960 2.37976722 2.21230692 2.03444051 1.95933541 1.89037665 1.70675541 1.50290934 1.40426761 1.33194961 1.14714394 0.89919222 0.77730435 0.73877123
0.50670945 0.53517973 0.64841430 0.82345545 0.92018287 0.96486993 1.07169412 1.21864619 1.30243119 1.34455043 1.44402739 1.56852038 1.62661117 1.65315494 1.72115330 1.83786413 1.92765726 1.97702289 2.08154182 2.19925092 2.24388194 2.26333507 2.33621754 2.46080554 2.54477625 2.59593116 2.72871743 2.88489284 2.95302288 2.98601728 3.08264811 3.17909579 3.20444129 3.23954112 3.36267614 3.48273154 3.51493380 3.55126219 3.68535099 3.82838796 3.88120969 3.91722907 4.00477101 4.06666431 4.05840688 4.06448796 4.13235709 4.25462477 4.34580016 4.41019350 4.55495424 4.68083556 4.70633531 4.72080156 4.75475557 4.83909283 4.92851565 5.00205013 5.16981767 5.31961631 5.34852028 5.37533531 5.48418713 5.57381557 5.57884779 5.60288119 5.70043987 5.76073251 5.74093374 5.75637145 5.84400692 5.89226393 5.86851816 5.88118299 5.95026519 5.95390405 5.89589923 5.90053636 5.95768794 5.91341646 5.79007152 5.73151521 5.67926701 5.67103033 5.70644909 5.73535979 5.78606356 5.73824776 5.63079099 5.61559908 5.65101473 5.58354656 5.46143185 5.43760596 5.45657178 5.39767537 5.30415519 5.27483714 5.23855718 5.10046286 4.95834099 4.92549601 4.91296670 4.78853812 4.64010210 4.59844024 4.57350132 4.45968169 4.33683749 4.29063982 4.21501637 4.03585128 3.87772958 3.83096600 3.77445909 3.60389105 3.44196859 3.38813444 3.31569386 3.13354164 2.96618303 2.88450354 2.74504469 2.57196553 2.47452787 2.43665266 2.35081147 2.15707380 1.99759157 1.93251965 1.81490379 1.60019847 1.43769196 1.36851881 1.22032308 0.95718103 0.78825797 0.74494708
0.54467583 0.57241544 0.69524520 0.88958223 0.99231067 1.03236222 1.14793291 1.30945130 1.39425912 1.43494455 1.54738076 1.68717756 1.74727655 1.76660845 1.83786413 1.96736486 2.05736512 2.10466030 2.23493147 2.38396096 2.43235112 2.44902633 2.53744849 2.67872129 2.76079257 2.80270238 2.94136615 3.10276975 3.15760305 3.18565484 3.30518604 3.42654946 3.44952961 3.47410476 3.60865413 3.74819895 3.78287321 3.81523397 3.96465369 4.11915420 4.15467894 4.18147147 4.30158322 4.40096160 4.39810701 4.40377801 4.48936186 4.61987113 4.69535714 4.75062674 4.91216249 5.03320175 5.01760539 5.01095470 5.06382813 5.18501827 5.28986134 5.36269162 5.55089151 5.71751924 5.72777006 5.73827129 5.87829353 6.00022542 5.99064277 6.00083261 6.12195328 6.21138459 6.19323960 6.20367396 6.29315358 6.32558783 6.27948003 6.29678631 6.39282779 6.40066272 6.32092965 6.32468016 6.39991232 6.35846516 6.22262032 6.15551741 6.09160046 6.06159311 6.07906228 6.12147105 6.21968555 6.19295205 6.07806852 6.07479029 6.12668060 6.05063387 5.90932870 5.88392379 5.90480442 5.80756273 5.66688204 5.64427290 5.64482444 5.51158761 5.35672802 5.33488339 5.32884490 5.18352316 5.01390788 4.97691060 4.95061450 4.79195235 4.62663334 4.59194994 4.54370005 4.35746185 4.18748446 4.15336885 4.09603328 3.89776688 3.71395027 3.66553027 3.58579504 3.35700349 3.15604793 3.08258996 2.94213055 2.74504469 2.64198197 2.61797285 2.52711250 2.30648855 2.13333876 2.07960637 1.95614123 1.70798697 1.52891568 1.46728131 1.31245596 1.02345625 0.84200368 0.80238322
0.58412164 0.61248372 0.71528192 0.91430856 1.05326810 1.10040636 1.18670916 1.35170861 1.47739401 1.52389970 1.59413367 1.73744412 1.85444517 1.88784265 1.92765726 2.05736512 2.18425032 2.23063838 2.30608944 2.46774877 2.59669562 2.62911503 2.66839814 2.81417054 2.96234482 3.00746929 3.05359297 3.19491169 3.32639415 3.36228979 3.40330387 3.53965829 3.67383709 3.70051835 3.71467993 3.85584553 4.02025876 4.06828773 4.09671744 4.23494371 4.38073308 4.41312822 4.43498760 4.56640782 4.71387051 4.73925095 4.72165041 4.84461551 5.01958137 5.06778343 5.07483641 5.17953338 5.30485175 5.31316364 5.29104089 5.44522163 5.66586371 5.72615564 5.72986598 5.88600644 6.07375007 6.09080178 6.05710482 6.18546261 6.36676596 6.38372682 6.32348436 6.42502545 6.60736294 6.62348564 6.51265899 6.53054689 6.67259864 6.68712674 6.57907702 6.59363643 6.72883023 6.73458299 6.59476237 6.56390975 6.65782444 6.61404759 6.41645104 6.35516875 6.47015395 6.49496241 6.40315160 6.39858086 6.49964060 6.49038426 6.32740003 6.25470124 6.32793857 6.30134819 6.12015154 5.99028834 6.00024551 5.97246128 5.81904331 5.71568397 5.74506614 5.71126408 5.51499876 5.36737769 5.37665981 5.33271719 5.13046687 4.94159808 4.89911459 4.85651737 4.68175306 4.51836634 4.49165936 4.44117824 4.23136544 4.02713251 3.97498887 3.91644168 3.70166050 3.45675083 3.35566412 3.28480666 3.08258996 2.88450354 2.83422351 2.78870271 2.60128565 2.37730135 2.28060269 2.21530914 2.01405341 1.75468425 1.62514906 1.55371928 1.34631651 1.05480632 0.90814601 0.86773668
0.59432577 0.62458219 0.72713253 0.92416536 1.06700252 1.12346395 1.20923377 1.37399122 1.50499043 1.55309533 1.61857438 1.76027243 1.88575660 1.92882317 1.97702289 2.10466030 2.23063838 2.28624519 2.35449379 2.50922816 2.64950310 2.69285118 2.73333699 2.87430276 3.02501458 3.07330156 3.10996631 3.24601057 3.38614891 3.42975855 3.46277113 3.59122628 3.73139694 3.76052104 3.75440559 3.89164468 4.08033691 4.14121014 4.16340152 4.29348356 4.45266094 4.50095078 4.51449988 4.64073749 4.80781633 4.84948499 4.83173632 4.95067017 5.12808544 5.17551844 5.16359102 5.26575600 5.41096944 5.43095289 5.42326001 5.57846127 5.79176442 5.85201942 5.83220759 5.96839975 6.17467880 6.21450820 6.16044376 6.27046495 6.47338255 6.50439550 6.42993497 6.52185231 6.72138125 6.74523400 6.62197448 6.64219432 6.79861304 6.80946227 6.67397353 6.69033687 6.85332054 6.85732478 6.70046266 6.68166539 6.80688143 6.77869170 6.59262837 6.52170670 6.62143834 6.64210322 6.52321267 6.50720420 6.62220956 6.60396069 6.41828776 6.35312572 6.44895166 6.41648962 6.21669620 6.09323270 6.11838164 6.07929345 5.90921770 5.81664425 5.86257653 5.81894331 5.60200063 5.46020703 5.48519535 5.43212317 5.21258436 5.03034416 4.99896332 4.93970713 4.75124690 4.59802175 4.58093532 4.51750444 4.29028239 4.09238577 4.05101439 3.98153937 3.75666100 3.53223187 3.44425629 3.35566412 3.15604793 2.96618303 2.90392782 2.83929625 2.63800437 2.41909164 2.32606367 2.24902404 2.03803412 1.78632975 1.66039113 1.57473296 1.36347397 1.07701527 0.92992067 0.88387429
0.59577219 0.62976492 0.76496298 0.97362889 1.08751803 1.13891201 1.26790224 1.44381559 1.53802799 1.58154124 1.70081426 1.84909636 1.91459187 1.95458086 2.08154182 2.23493147 2.30608944 2.35449379 2.49015000 2.64570954 2.71384295 2.75988853 2.89155962 3.03709798 3.08934394 3.12617958 3.26212465 3.42222677 3.48698488 3.52766096 3.65063170 3.76741002 3.79170851 3.80734346 3.88897767 4.03370889 4.13465655 4.19859561 4.36437319 4.52966438 4.57962500 4.62285293 4.75572771 4.87060375 4.89129835 4.93501950 5.09286063 5.23366189 5.25470484 5.28389668 5.43231790 5.55923539 5.55963231 5.58239331 5.73979875 5.87812384 5.88905616 5.93877615 6.13374089 6.28711091 6.29788237 6.33439652 6.47422889 6.58121682 6.58349695 6.61697573 6.74903885 6.83116597 6.80558655 6.82749289 6.94230051 6.98695414 6.93023026 6.93265456 7.01923172 7.03868161 6.97696864 6.98320667 7.06572797 7.04249107 6.92059293 6.90265712 6.97154130 6.92784217 6.81487295 6.82434473 6.89524351 6.84047568 6.72069993 6.71174447 6.75189536 6.67130476 6.52538404 6.49010339 6.50743043 6.41194351 6.26608372 6.22992599 6.22291825 6.09127235 5.93139440 5.89842938 5.88466752 5.73479053 5.55782620 5.50452732 5.46156126 5.29503045 5.11940235 5.06560131 5.00416173 4.81016763 4.62391142 4.57254939 4.50541382 4.30202849 4.11206738 4.04468415 3.95221752 3.73352440 3.53223187 3.45675083 3.35700349 3.13354164 2.94240018 2.88130052 2.77624920 2.54314233 2.35660831 2.28554461 2.14267333 1.87953915 1.68554819 1.60932532 1.44276290 1.13401836 0.93115096 0.87851072
0.63353531 0.66415725 0.80886531 1.03744495 1.15794288 1.20453129 1.34057675 1.53170015 1.62799907 1.66789509 1.79679787 1.95862945 2.02435855 2.05822635 2.19925092 2.38396096 2.46774877 2.50922816 2.64570954 2.81278416 2.88329995 2.92793235 3.07559807 3.23613901 3.28504891 3.31542520 3.45749942 3.63632948 3.71400202 3.75346247 3.87329975 3.99630082 4.02109198 4.03010637 4.12133845 4.27827020 4.37674369 4.43506343 4.61729090 4.82161821 4.88805637 4.91762799 5.04546315 5.17421599 5.19847022 5.23484013 5.40895771 5.56210434 5.56965442 5.58916410 5.74952391 5.89751312 5.90732576 5.93279302 6.09000639 6.22473464 6.22572764 6.26291858 6.47645531 6.65281937 6.65673085 6.69060247 6.85386534 6.98048843 6.97660091 7.00451043 7.14952388 7.24115417 7.20769282 7.22283788 7.35221757 7.41282253 7.35458400 7.35892128 7.45913624 7.47531838 7.38619294 7.38216887 7.48176199 7.45427042 7.31895910 7.31451444 7.40868033 7.39053843 7.27845808 7.26573882 7.31493142 7.23711303 7.09748373 7.09410675 7.15303336 7.05724282 6.88541291 6.85339363 6.87443724 6.78591006 6.65760388 6.62893386 6.59386551 6.41773708 6.24138962 6.21731924 6.21476097 6.04951187 5.85315116 5.80747161 5.76767896 5.60020330 5.43753104 5.39301592 5.30573969 5.06715335 4.86696268 4.82821299 4.76983883 4.55008891 4.34067871 4.28076237 4.18853640 3.95221752 3.75666100 3.70166050 3.58579504 3.31569386 3.10326558 3.04871318 2.93997210 2.68255658 2.48094856 2.42164991 2.27900029 1.99120412 1.78659816 1.71732777 1.53694990 1.19320585 0.97469410 0.92901609
0.68416029 0.71362817 0.82873957 1.06136373 1.22404536 1.27946090 1.37842805 1.56898046 1.71359845 1.75972906 1.83444984 1.99545618 2.12944967 2.17314083 2.24388194 2.43235112 2.59669562 2.64950310 2.71384295 2.88329995 3.04369654 3.09066645 3.14565985 3.31236738 3.47282536 3.51726901 3.55010956 3.72441603 3.91217133 3.95826785 3.96618438 4.09862763 4.26230894 4.28481309 4.27441326 4.42837531 4.63616752 4.69952548 4.73339167 4.93463254 5.15375535 5.19288441 5.17639871 5.31839320 5.51991278 5.55843971 5.54444544 5.67665544 5.85421274 5.89066090 5.88035490 6.02573323 6.21682992 6.24578452 6.20947170 6.35143129 6.57463880 6.61842947 6.60087758 6.76850249 6.99284216 7.04050684 7.00955202 7.15809066 7.38628878 7.41799727 7.33648026 7.44249563 7.66204028 7.68151421 7.55333068 7.60206082 7.79119682 7.80419728 7.65330227 7.64713537 7.78567451 7.77340086 7.61816274 7.60006080 7.74546582 7.75406924 7.58695958 7.56944478 7.70722285 7.68516022 7.48134374 7.39894247 7.49285155 7.47050715 7.28781690 7.20583298 7.29042674 7.26263075 7.03716261 6.94367365 7.04012530 7.00400358 6.73775332 6.55601786 6.59911197 6.55545855 6.32349186 6.16013707 6.18315873 6.13858652 5.89434339 5.72687218 5.74984325 5.69596461 5.42233727 5.18176579 5.15885316 5.09979859 4.86368990 4.63881097 4.58136971 4.51965003 4.28076237 4.04468415 3.98153937 3.91644168 3.66553027 3.38813444 3.29099385 3.21545205 2.99152755 2.73406823 2.62270793 2.55449859 2.33136429 2.04423982 1.89922846 1.81390799 1.56706902 1.21823455 1.04757075 1.00433902
0.69767301 0.73292421 0.84693743 1.07427602 1.24092986 1.30328745 1.40284869 1.58913221 1.73722561 1.79299819 1.85648950 2.00329791 2.14358800 2.19754574 2.26333507 2.44902633 2.62911503 2.69285118 2.75988853 2.92793235 3.09066645 3.14152967 3.17266607 3.33084205 3.51409964 3.57189382 3.60546807 3.77689239 3.97220740 4.02488635 4.02887374 4.15923489 4.33372743 4.36833164 4.34415930 4.48486087 4.70452710 4.78079690 4.80819589 4.99893062 5.22951722 5.28327699 5.26467719 5.39891078 5.60748431 5.65181374 5.59777250 5.71043662 5.92319230 5.98386911 5.97127384 6.10646583 6.30460039 6.33534759 6.26442444 6.39383273 6.64673170 6.70563734 6.65722971 6.81515262 7.07487577 7.13403395 7.09996298 7.25806592 7.50966266 7.55340771 7.45459451 7.55951690 7.80171382 7.82758130 7.67760498 7.71916067 7.92729626 7.93643512 7.76114095 7.73443647 7.87754157 7.86672075 7.66969238 7.65398299 7.84708817 7.86554443 7.69320999 7.68662273 7.84318840 7.81413516 7.59151956 7.50919146 7.60246847 7.55020488 7.31879697 7.25308219 7.39154342 7.37054240 7.13988285 7.05445691 7.16128550 7.11571821 6.83368619 6.65319157 6.69509181 6.62587744 6.35200949 6.20361972 6.27016534 6.22181286 5.97332469 5.81832141 5.84944504 5.78390397 5.49709549 5.26384629 5.23824811 5.15165753 4.88112678 4.66872585 4.64586951 4.58136971 4.34067871 4.11206738 4.05101439 3.97498887 3.71395027 3.44196859 3.33881232 3.23856965 2.99843188 2.76146912 2.66728374 2.58045683 2.35402928 2.07877713 1.93300228 1.83639743 1.58399156 1.24391426 1.07471905 1.02195754
0.69553364 0.73571956 0.89150636 1.13383702 1.26683445 1.32238397 1.46506750 1.66217299 1.76637541 1.81242668 1.91097230 2.05763295 2.15792600 2.21032336 2.33621754 2.53744849 2.66839814 2.73333699 2.89155962 3.07559807 3.14565985 3.17266607 3.25483518 3.40955947 3.53685543 3.61406884 3.78057552 3.96669363 4.04157569 4.08655563 4.22362019 4.36524075 4.40329585 4.41910658 4.48440942 4.62707564 4.75684692 4.84452645 5.03811299 5.24305755 5.31681804 5.36629496 5.52148187 5.66416959 5.68364895 5.68891481 5.73694175 5.86037110 5.98376167 6.07608803 6.26424480 6.40245098 6.40055248 6.40728449 6.47998709 6.60532831 6.69131617 6.73747987 6.83447379 7.00515941 7.13828851 7.22332473 7.42604302 7.59612166 7.61724505 7.65827769 7.80980580 7.91283929 7.89559637 7.91794708 8.03441474 8.08289741 8.02683570 8.02997179 8.11373650 8.08735205 7.96446107 7.91751257 7.86229204 7.83646619 7.87161788 7.93148530 8.05985438 8.06306502 7.94344885 7.91354337 7.95482470 7.86934239 7.68946911 7.59337651 7.48857807 7.41215207 7.40542996 7.43093493 7.48073343 7.39240857 7.23991484 7.19979360 7.16684412 6.97274667 6.74954697 6.64667843 6.50219350 6.35155489 6.28897758 6.28162245 6.26184264 6.09424446 5.90903506 5.85146988 5.76411159 5.51145619 5.26863600 5.15701586 4.98484133 4.77655125 4.66872585 4.63881097 4.55008891 4.30202849 4.09238577 4.02713251 3.89776688 3.60389105 3.35618978 3.24409471 3.06486735 2.82824510 2.67898210 2.60932398 2.45828929 2.16556655 1.94749744 1.86232575 1.66441969 1.30451534 1.07349530 1.01441059
0.73094375 0.76802488 0.93586358 1.19816846 1.33693465 1.39101112 1.53906739 1.75017991 1.85910655 1.89507139 1.99399225 2.16332700 2.27771087 2.32701867 2.46080554 2.67872129 2.81417054 2.87430276 3.03709798 3.23613901 3.31236738 3.33084205 3.40955947 3.57373124 3.70852144 3.79197003 3.98047214 4.18412242 4.25638214 4.29745476 4.44611399 4.59293219 4.61864644 4.62812104 4.70730085 4.86895273 4.99809122 5.08132700 5.29645595 5.52415045 5.59417517 5.63519638 5.80324363 5.96170737 5.96669504 5.94597021 5.99415357 6.15199112 6.29980163 6.38911654 6.58045433 6.74166642 6.75006471 6.74810561 6.82589676 6.95873323 7.03233890 7.06053091 7.15056034 7.33448508 7.49126756 7.59060762 7.80558093 7.99273085 8.01711112 8.05193002 8.21374985 8.31396233 8.27675867 8.29536222 8.43468090 8.49741725 8.43085624 8.42992403 8.51828766 8.50137878 8.37359645 8.30086481 8.22158959 8.19544475 8.24253225 8.31457380 8.46209105 8.46927139 8.34406393 8.32139278 8.35660699 8.24911263 8.06392782 7.96947288 7.84017271 7.73783072 7.73257245 7.77446727 7.84379191 7.75160554 7.58719827 7.55371027 7.52722653 7.31560263 7.07096932 6.96627483 6.80869994 6.63556765 6.57374024 6.58519470 6.57326859 6.38826759 6.18878815 6.13803670 6.05115047 5.77033452 5.50512887 5.39884778 5.21466114 4.98484133 4.88112678 4.86368990 4.76983883 4.50541382 4.29028239 4.23136544 4.09603328 3.77445909 3.51200651 3.40712520 3.21067561 2.94331919 2.79583395 2.74376223 2.58073972 2.25805033 2.03135836 1.95196648 1.74729889 1.36075462 1.11409197 1.05908092
