% Pin Power Output for case: 34x34-Bare-3x3samepinxs
% Pin power is normalized to total fission rate = 1.0
pinx 0.63000000 1.89000000 3.15000000 4.41000000 5.67000000 6.93000000 8.19000000 9.45000000 10.71000000 11.97000000 13.23000000 14.49000000 15.75000000 17.01000000 18.27000000 19.53000000 20.79000000 22.05000000 23.31000000 24.57000000 25.83000000 27.09000000 28.35000000 29.61000000 30.87000000 32.13000000 33.39000000 34.65000000 35.91000000 37.17000000 38.43000000 39.69000000 40.95000000 42.21000000
piny 0.63000000 1.89000000 3.15000000 4.41000000 5.67000000 6.93000000 8.19000000 9.45000000 10.71000000 11.97000000 13.23000000 14.49000000 15.75000000 17.01000000 18.27000000 19.53000000 20.79000000 22.05000000 23.31000000 24.57000000 25.83000000 27.09000000 28.35000000 29.61000000 30.87000000 32.13000000 33.39000000 34.65000000 35.91000000 37.17000000 38.43000000 39.69000000 40.95000000 42.21000000

% the output is exactly same as visualization. rows are piny with Y at top and 0 at bottom, columns are pinx
fiss_rate
0.00005380 7.98044699e-05 1.07673326e-04 1.43421495e-04 1.63011148e-04 1.85469814e-04 2.20856697e-04 2.36088197e-04 2.46390060e-04 2.71155128e-04 2.90549541e-04 2.86186229e-04 2.92594565e-04 2.99315365e-04 2.92107943e-04 2.78200546e-04 2.84700249e-04 2.71766367e-04 2.60105313e-04 2.41335629e-04 2.43653295e-04 2.20039145e-04 2.07483124e-04 2.03777527e-04 1.84574520e-04 1.43248856e-04 1.50634488e-04 1.38241127e-04 1.12434600e-04 9.16515264e-05 8.68254246e-05 5.65706417e-05 4.94359085e-05 3.07879216e-05
7.98044699e-05 1.43256258e-04 1.85831287e-04 2.34252885e-04 2.99303467e-04 3.38080553e-04 3.75778910e-04 4.17881999e-04 4.40146725e-04 4.75996853e-04 4.99909328e-04 5.23262157e-04 5.33584942e-04 5.04727180e-04 4.94272444e-04 5.06539944e-04 4.63417316e-04 4.58524435e-04 4.54818270e-04 4.23829423e-04 3.82924699e-04 3.95006372e-04 3.63871228e-04 3.37405166e-04 2.87795490e-04 2.81154016e-04 2.50686366e-04 2.23720818e-04 1.88177752e-04 1.74103208e-04 1.22290576e-04 1.10353219e-04 8.23517922e-05 4.94359085e-05
1.07673326e-04 1.85831287e-04 2.77830703e-04 3.38246579e-04 4.17535725e-04 0.00000000e+00 5.10123506e-04 5.60759822e-04 0.00000000e+00 6.43590649e-04 6.78804486e-04 0.00000000e+00 7.57313188e-04 7.34127499e-04 7.34929273e-04 6.74625700e-04 6.66754269e-04 6.27267320e-04 6.11984807e-04 6.13639637e-04 5.72765917e-04 5.07734828e-04 0.00000000e+00 3.71204113e-04 4.03717530e-04 0.00000000e+00 3.33083243e-04 2.50493993e-04 0.00000000e+00 2.05851668e-04 1.93276843e-04 1.58201728e-04 1.10353219e-04 5.65706417e-05
1.43421495e-04 2.34252885e-04 3.38246579e-04 0.00000000e+00 5.30879726e-04 5.75626280e-04 6.62905173e-04 7.23180407e-04 7.59708824e-04 8.33334686e-04 8.76492165e-04 8.88891230e-04 9.63148702e-04 0.00000000e+00 9.18558927e-04 8.66923979e-04 8.47392167e-04 8.22775048e-04 7.42922167e-04 7.54340275e-04 0.00000000e+00 6.51713444e-04 2.05349349e-04 5.28451766e-04 4.81244011e-04 4.21909983e-04 3.76946754e-04 3.62537088e-04 1.12255351e-04 2.75766154e-04 0.00000000e+00 1.93276843e-04 1.22290576e-04 8.68254246e-05
1.63011148e-04 2.99303467e-04 4.17535725e-04 5.30879726e-04 6.36860274e-04 6.92526680e-04 7.89341355e-04 8.72681159e-04 9.14575914e-04 9.97545520e-04 1.05346769e-03 1.07158189e-03 1.15462007e-03 1.16147355e-03 1.14092156e-03 1.09955537e-03 1.00948567e-03 9.60855688e-04 9.72971801e-04 8.57442668e-04 8.12080364e-04 6.77409788e-04 6.82118015e-04 6.34276203e-04 5.81684676e-04 1.93874954e-04 4.72000121e-04 4.17860034e-04 3.73668023e-04 2.96350298e-04 2.75766154e-04 2.05851668e-04 1.74103208e-04 9.16515264e-05
1.85469814e-04 3.38080553e-04 0.00000000e+00 5.75626280e-04 6.92526680e-04 0.00000000e+00 8.84971808e-04 9.74961279e-04 0.00000000e+00 1.11924309e-03 1.17984922e-03 0.00000000e+00 1.26210043e-03 1.27881352e-03 0.00000000e+00 1.25736906e-03 1.17857555e-03 1.13590346e-03 1.09770637e-03 0.00000000e+00 3.35333006e-04 8.22530096e-04 0.00000000e+00 7.50210409e-04 5.98988704e-04 0.00000000e+00 4.78686557e-04 4.96116851e-04 0.00000000e+00 3.73668023e-04 1.12255351e-04 0.00000000e+00 1.88177752e-04 1.12434600e-04
2.20856697e-04 3.75778910e-04 5.10123506e-04 6.62905173e-04 7.89341355e-04 8.84971808e-04 1.02318519e-03 1.12103256e-03 1.17933432e-03 1.29259200e-03 1.36095475e-03 1.37367832e-03 1.44766594e-03 1.46730820e-03 1.42851143e-03 1.40243942e-03 1.35223320e-03 1.30190526e-03 1.25536040e-03 1.06980850e-03 1.05523159e-03 9.50168192e-04 9.08189840e-04 7.48846688e-04 7.29648819e-04 5.55104559e-04 5.90483635e-04 4.83264524e-04 4.96116851e-04 4.17860034e-04 3.62537088e-04 2.50493993e-04 2.23720818e-04 1.38241127e-04
2.36088197e-04 4.17881999e-04 5.60759822e-04 7.23180407e-04 8.72681159e-04 9.74961279e-04 1.12103256e-03 1.24064159e-03 1.30175784e-03 1.42449612e-03 1.50182781e-03 1.51874731e-03 1.60042598e-03 1.61814277e-03 1.58256286e-03 1.58121889e-03 1.46534931e-03 1.43060980e-03 1.39478644e-03 1.30941941e-03 1.15825802e-03 1.06128546e-03 8.60296172e-04 9.01681879e-04 2.98478224e-04 6.36831426e-04 2.44210845e-04 5.90483635e-04 4.78686557e-04 4.72000121e-04 3.76946754e-04 3.33083243e-04 2.50686366e-04 1.50634488e-04
2.46390060e-04 4.40146725e-04 0.00000000e+00 7.59708824e-04 9.14575914e-04 0.00000000e+00 1.17933432e-03 1.30175784e-03 0.00000000e+00 1.49861444e-03 1.58250345e-03 0.00000000e+00 1.68774495e-03 1.71797888e-03 0.00000000e+00 1.69157994e-03 1.61000714e-03 1.51317441e-03 1.52759408e-03 0.00000000e+00 1.26685864e-03 4.36380304e-04 0.00000000e+00 8.55946528e-04 7.75495914e-04 0.00000000e+00 6.36831426e-04 5.55104559e-04 0.00000000e+00 1.93874954e-04 4.21909983e-04 0.00000000e+00 2.81154016e-04 1.43248856e-04
2.71155128e-04 4.75996853e-04 6.43590649e-04 8.33334686e-04 9.97545520e-04 1.11924309e-03 1.29259200e-03 1.42449612e-03 1.49861444e-03 1.64786108e-03 1.73399153e-03 1.75648107e-03 1.85696270e-03 1.88353258e-03 1.84070482e-03 1.83465303e-03 1.73951262e-03 1.69118233e-03 1.60567237e-03 1.53772845e-03 1.40242811e-03 1.28706464e-03 1.04803993e-03 1.09079922e-03 3.65325146e-04 7.75495914e-04 2.98478224e-04 7.29648819e-04 5.98988704e-04 5.81684676e-04 4.81244011e-04 4.03717530e-04 2.87795490e-04 1.84574520e-04
2.90549541e-04 4.99909328e-04 6.78804486e-04 8.76492165e-04 1.05346769e-03 1.17984922e-03 1.36095475e-03 1.50182781e-03 1.58250345e-03 1.73399153e-03 1.83902552e-03 1.86244029e-03 1.96722136e-03 2.00033887e-03 1.95928235e-03 1.94816677e-03 1.85971393e-03 1.80360190e-03 1.76544891e-03 1.49132141e-03 1.47250601e-03 1.33803762e-03 1.32713635e-03 1.14038583e-03 1.09079922e-03 8.55946528e-04 9.01681879e-04 7.48846688e-04 7.50210409e-04 6.34276203e-04 5.28451766e-04 3.71204113e-04 3.37405166e-04 2.03777527e-04
2.86186229e-04 5.23262157e-04 0.00000000e+00 8.88891230e-04 1.07158189e-03 0.00000000e+00 1.37367832e-03 1.51874731e-03 0.00000000e+00 1.75648107e-03 1.86244029e-03 0.00000000e+00 2.01578347e-03 2.05132022e-03 0.00000000e+00 2.05162764e-03 1.92581909e-03 1.87201501e-03 1.86328471e-03 0.00000000e+00 5.69308653e-04 1.42223984e-03 0.00000000e+00 1.32713635e-03 1.04803993e-03 0.00000000e+00 8.60296172e-04 9.08189840e-04 0.00000000e+00 6.82118015e-04 2.05349349e-04 0.00000000e+00 3.63871228e-04 2.07483124e-04
2.92594565e-04 5.33584942e-04 7.57313188e-04 9.63148702e-04 1.15462007e-03 1.26210043e-03 1.44766594e-03 1.60042598e-03 1.68774495e-03 1.85696270e-03 1.96722136e-03 2.01578347e-03 2.19170152e-03 2.23573994e-03 2.20446387e-03 2.12419756e-03 1.99064054e-03 1.93492878e-03 1.96194391e-03 1.82243663e-03 1.75297450e-03 1.46281580e-03 1.42223984e-03 1.33803762e-03 1.28706464e-03 4.36380304e-04 1.06128546e-03 9.50168192e-04 8.22530096e-04 6.77409788e-04 6.51713444e-04 5.07734828e-04 3.95006372e-04 2.20039145e-04
2.99315365e-04 5.04727180e-04 7.34127499e-04 0.00000000e+00 1.16147355e-03 1.27881352e-03 1.46730820e-03 1.61814277e-03 1.71797888e-03 1.88353258e-03 2.00033887e-03 2.05132022e-03 2.23573994e-03 0.00000000e+00 2.16730948e-03 2.07646437e-03 2.05942042e-03 2.02788390e-03 1.91210471e-03 1.95650243e-03 0.00000000e+00 1.75297450e-03 5.69308653e-04 1.47250601e-03 1.40242811e-03 1.26685864e-03 1.15825802e-03 1.05523159e-03 3.35333006e-04 8.12080364e-04 0.00000000e+00 5.72765917e-04 3.82924699e-04 2.43653295e-04
2.92107943e-04 4.94272444e-04 7.34929273e-04 9.18558927e-04 1.14092156e-03 0.00000000e+00 1.42851143e-03 1.58256286e-03 0.00000000e+00 1.84070482e-03 1.95928235e-03 0.00000000e+00 2.20446387e-03 2.16730948e-03 2.19357863e-03 2.08639427e-03 2.08783716e-03 2.03117325e-03 2.01334220e-03 2.04821461e-03 1.95650243e-03 1.82243663e-03 0.00000000e+00 1.49132141e-03 1.53772845e-03 0.00000000e+00 1.30941941e-03 1.06980850e-03 0.00000000e+00 8.57442668e-04 7.54340275e-04 6.13639637e-04 4.23829423e-04 2.41335629e-04
2.78200546e-04 5.06539944e-04 6.74625700e-04 8.66923979e-04 1.09955537e-03 1.25736906e-03 1.40243942e-03 1.58121889e-03 1.69157994e-03 1.83465303e-03 1.94816677e-03 2.05162764e-03 2.12419756e-03 2.07646437e-03 2.08639427e-03 2.14654849e-03 2.06840562e-03 2.07631705e-03 2.08991435e-03 2.01334220e-03 1.91210471e-03 1.96194391e-03 1.86328471e-03 1.76544891e-03 1.60567237e-03 1.52759408e-03 1.39478644e-03 1.25536040e-03 1.09770637e-03 9.72971801e-04 7.42922167e-04 6.11984807e-04 4.54818270e-04 2.60105313e-04
2.84700249e-04 4.63417316e-04 6.66754269e-04 8.47392167e-04 1.00948567e-03 1.17857555e-03 1.35223320e-03 1.46534931e-03 1.61000714e-03 1.73951262e-03 1.85971393e-03 1.92581909e-03 1.99064054e-03 2.05942042e-03 2.08783716e-03 2.06840562e-03 2.11929446e-03 2.10497410e-03 2.07631705e-03 2.03117325e-03 2.02788390e-03 1.93492878e-03 1.87201501e-03 1.80360190e-03 1.69118233e-03 1.51317441e-03 1.43060980e-03 1.30190526e-03 1.13590346e-03 9.60855688e-04 8.22775048e-04 6.27267320e-04 4.58524435e-04 2.71766367e-04
2.71766367e-04 4.58524435e-04 6.27267320e-04 8.22775048e-04 9.60855688e-04 1.13590346e-03 1.30190526e-03 1.43060980e-03 1.51317441e-03 1.69118233e-03 1.80360190e-03 1.87201501e-03 1.93492878e-03 2.02788390e-03 2.03117325e-03 2.07631705e-03 2.10497410e-03 2.11929446e-03 2.06840562e-03 2.08783716e-03 2.05942042e-03 1.99064054e-03 1.92581909e-03 1.85971393e-03 1.73951262e-03 1.61000714e-03 1.46534931e-03 1.35223320e-03 1.17857555e-03 1.00948567e-03 8.47392167e-04 6.66754269e-04 4.63417316e-04 2.84700249e-04
2.60105313e-04 4.54818270e-04 6.11984807e-04 7.42922167e-04 9.72971801e-04 1.09770637e-03 1.25536040e-03 1.39478644e-03 1.52759408e-03 1.60567237e-03 1.76544891e-03 1.86328471e-03 1.96194391e-03 1.91210471e-03 2.01334220e-03 2.08991435e-03 2.07631705e-03 2.06840562e-03 2.14654849e-03 2.08639427e-03 2.07646437e-03 2.12419756e-03 2.05162764e-03 1.94816677e-03 1.83465303e-03 1.69157994e-03 1.58121889e-03 1.40243942e-03 1.25736906e-03 1.09955537e-03 8.66923979e-04 6.74625700e-04 5.06539944e-04 2.78200546e-04
2.41335629e-04 4.23829423e-04 6.13639637e-04 7.54340275e-04 8.57442668e-04 0.00000000e+00 1.06980850e-03 1.30941941e-03 0.00000000e+00 1.53772845e-03 1.49132141e-03 0.00000000e+00 1.82243663e-03 1.95650243e-03 2.04821461e-03 2.01334220e-03 2.03117325e-03 2.08783716e-03 2.08639427e-03 2.19357863e-03 2.16730948e-03 2.20446387e-03 0.00000000e+00 1.95928235e-03 1.84070482e-03 0.00000000e+00 1.58256286e-03 1.42851143e-03 0.00000000e+00 1.14092156e-03 9.18558927e-04 7.34929273e-04 4.94272444e-04 2.92107943e-04
2.43653295e-04 3.82924699e-04 5.72765917e-04 0.00000000e+00 8.12080364e-04 3.35333006e-04 1.05523159e-03 1.15825802e-03 1.26685864e-03 1.40242811e-03 1.47250601e-03 5.69308653e-04 1.75297450e-03 0.00000000e+00 1.95650243e-03 1.91210471e-03 2.02788390e-03 2.05942042e-03 2.07646437e-03 2.16730948e-03 0.00000000e+00 2.23573994e-03 2.05132022e-03 2.00033887e-03 1.88353258e-03 1.71797888e-03 1.61814277e-03 1.46730820e-03 1.27881352e-03 1.16147355e-03 0.00000000e+00 7.34127499e-04 5.04727180e-04 2.99315365e-04
2.20039145e-04 3.95006372e-04 5.07734828e-04 6.51713444e-04 6.77409788e-04 8.22530096e-04 9.50168192e-04 1.06128546e-03 4.36380304e-04 1.28706464e-03 1.33803762e-03 1.42223984e-03 1.46281580e-03 1.75297450e-03 1.82243663e-03 1.96194391e-03 1.93492878e-03 1.99064054e-03 2.12419756e-03 2.20446387e-03 2.23573994e-03 2.19170152e-03 2.01578347e-03 1.96722136e-03 1.85696270e-03 1.68774495e-03 1.60042598e-03 1.44766594e-03 1.26210043e-03 1.15462007e-03 9.63148702e-04 7.57313188e-04 5.33584942e-04 2.92594565e-04
2.07483124e-04 3.63871228e-04 0.00000000e+00 2.05349349e-04 6.82118015e-04 0.00000000e+00 9.08189840e-04 8.60296172e-04 0.00000000e+00 1.04803993e-03 1.32713635e-03 0.00000000e+00 1.42223984e-03 5.69308653e-04 0.00000000e+00 1.86328471e-03 1.87201501e-03 1.92581909e-03 2.05162764e-03 0.00000000e+00 2.05132022e-03 2.01578347e-03 0.00000000e+00 1.86244029e-03 1.75648107e-03 0.00000000e+00 1.51874731e-03 1.37367832e-03 0.00000000e+00 1.07158189e-03 8.88891230e-04 0.00000000e+00 5.23262157e-04 2.86186229e-04
2.03777527e-04 3.37405166e-04 3.71204113e-04 5.28451766e-04 6.34276203e-04 7.50210409e-04 7.48846688e-04 9.01681879e-04 8.55946528e-04 1.09079922e-03 1.14038583e-03 1.32713635e-03 1.33803762e-03 1.47250601e-03 1.49132141e-03 1.76544891e-03 1.80360190e-03 1.85971393e-03 1.94816677e-03 1.95928235e-03 2.00033887e-03 1.96722136e-03 1.86244029e-03 1.83902552e-03 1.73399153e-03 1.58250345e-03 1.50182781e-03 1.36095475e-03 1.17984922e-03 1.05346769e-03 8.76492165e-04 6.78804486e-04 4.99909328e-04 2.90549541e-04
1.84574520e-04 2.87795490e-04 4.03717530e-04 4.81244011e-04 5.81684676e-04 5.98988704e-04 7.29648819e-04 2.98478224e-04 7.75495914e-04 3.65325146e-04 1.09079922e-03 1.04803993e-03 1.28706464e-03 1.40242811e-03 1.53772845e-03 1.60567237e-03 1.69118233e-03 1.73951262e-03 1.83465303e-03 1.84070482e-03 1.88353258e-03 1.85696270e-03 1.75648107e-03 1.73399153e-03 1.64786108e-03 1.49861444e-03 1.42449612e-03 1.29259200e-03 1.11924309e-03 9.97545520e-04 8.33334686e-04 6.43590649e-04 4.75996853e-04 2.71155128e-04
1.43248856e-04 2.81154016e-04 0.00000000e+00 4.21909983e-04 1.93874954e-04 0.00000000e+00 5.55104559e-04 6.36831426e-04 0.00000000e+00 7.75495914e-04 8.55946528e-04 0.00000000e+00 4.36380304e-04 1.26685864e-03 0.00000000e+00 1.52759408e-03 1.51317441e-03 1.61000714e-03 1.69157994e-03 0.00000000e+00 1.71797888e-03 1.68774495e-03 0.00000000e+00 1.58250345e-03 1.49861444e-03 0.00000000e+00 1.30175784e-03 1.17933432e-03 0.00000000e+00 9.14575914e-04 7.59708824e-04 0.00000000e+00 4.40146725e-04 2.46390060e-04
1.50634488e-04 2.50686366e-04 3.33083243e-04 3.76946754e-04 4.72000121e-04 4.78686557e-04 5.90483635e-04 2.44210845e-04 6.36831426e-04 2.98478224e-04 9.01681879e-04 8.60296172e-04 1.06128546e-03 1.15825802e-03 1.30941941e-03 1.39478644e-03 1.43060980e-03 1.46534931e-03 1.58121889e-03 1.58256286e-03 1.61814277e-03 1.60042598e-03 1.51874731e-03 1.50182781e-03 1.42449612e-03 1.30175784e-03 1.24064159e-03 1.12103256e-03 9.74961279e-04 8.72681159e-04 7.23180407e-04 5.60759822e-04 4.17881999e-04 2.36088197e-04
1.38241127e-04 2.23720818e-04 2.50493993e-04 3.62537088e-04 4.17860034e-04 4.96116851e-04 4.83264524e-04 5.90483635e-04 5.55104559e-04 7.29648819e-04 7.48846688e-04 9.08189840e-04 9.50168192e-04 1.05523159e-03 1.06980850e-03 1.25536040e-03 1.30190526e-03 1.35223320e-03 1.40243942e-03 1.42851143e-03 1.46730820e-03 1.44766594e-03 1.37367832e-03 1.36095475e-03 1.29259200e-03 1.17933432e-03 1.12103256e-03 1.02318519e-03 8.84971808e-04 7.89341355e-04 6.62905173e-04 5.10123506e-04 3.75778910e-04 2.20856697e-04
1.12434600e-04 1.88177752e-04 0.00000000e+00 1.12255351e-04 3.73668023e-04 0.00000000e+00 4.96116851e-04 4.78686557e-04 0.00000000e+00 5.98988704e-04 7.50210409e-04 0.00000000e+00 8.22530096e-04 3.35333006e-04 0.00000000e+00 1.09770637e-03 1.13590346e-03 1.17857555e-03 1.25736906e-03 0.00000000e+00 1.27881352e-03 1.26210043e-03 0.00000000e+00 1.17984922e-03 1.11924309e-03 0.00000000e+00 9.74961279e-04 8.84971808e-04 0.00000000e+00 6.92526680e-04 5.75626280e-04 0.00000000e+00 3.38080553e-04 1.85469814e-04
9.16515264e-05 1.74103208e-04 2.05851668e-04 2.75766154e-04 2.96350298e-04 3.73668023e-04 4.17860034e-04 4.72000121e-04 1.93874954e-04 5.81684676e-04 6.34276203e-04 6.82118015e-04 6.77409788e-04 8.12080364e-04 8.57442668e-04 9.72971801e-04 9.60855688e-04 1.00948567e-03 1.09955537e-03 1.14092156e-03 1.16147355e-03 1.15462007e-03 1.07158189e-03 1.05346769e-03 9.97545520e-04 9.14575914e-04 8.72681159e-04 7.89341355e-04 6.92526680e-04 6.36860274e-04 5.30879726e-04 4.17535725e-04 2.99303467e-04 1.63011148e-04
8.68254246e-05 1.22290576e-04 1.93276843e-04 0.00000000e+00 2.75766154e-04 1.12255351e-04 3.62537088e-04 3.76946754e-04 4.21909983e-04 4.81244011e-04 5.28451766e-04 2.05349349e-04 6.51713444e-04 0.00000000e+00 7.54340275e-04 7.42922167e-04 8.22775048e-04 8.47392167e-04 8.66923979e-04 9.18558927e-04 0.00000000e+00 9.63148702e-04 8.88891230e-04 8.76492165e-04 8.33334686e-04 7.59708824e-04 7.23180407e-04 6.62905173e-04 5.75626280e-04 5.30879726e-04 0.00000000e+00 3.38246579e-04 2.34252885e-04 1.43421495e-04
5.65706417e-05 1.10353219e-04 1.58201728e-04 1.93276843e-04 2.05851668e-04 0.00000000e+00 2.50493993e-04 3.33083243e-04 0.00000000e+00 4.03717530e-04 3.71204113e-04 0.00000000e+00 5.07734828e-04 5.72765917e-04 6.13639637e-04 6.11984807e-04 6.27267320e-04 6.66754269e-04 6.74625700e-04 7.34929273e-04 7.34127499e-04 7.57313188e-04 0.00000000e+00 6.78804486e-04 6.43590649e-04 0.00000000e+00 5.60759822e-04 5.10123506e-04 0.00000000e+00 4.17535725e-04 3.38246579e-04 2.77830703e-04 1.85831287e-04 1.07673326e-04
4.94359085e-05 8.23517922e-05 1.10353219e-04 1.22290576e-04 1.74103208e-04 1.88177752e-04 2.23720818e-04 2.50686366e-04 2.81154016e-04 2.87795490e-04 3.37405166e-04 3.63871228e-04 3.95006372e-04 3.82924699e-04 4.23829423e-04 4.54818270e-04 4.58524435e-04 4.63417316e-04 5.06539944e-04 4.94272444e-04 5.04727180e-04 5.33584942e-04 5.23262157e-04 4.99909328e-04 4.75996853e-04 4.40146725e-04 4.17881999e-04 3.75778910e-04 3.38080553e-04 2.99303467e-04 2.34252885e-04 1.85831287e-04 1.43256258e-04 7.98044699e-05
3.07879216e-05 4.94359085e-05 5.65706417e-05 8.68254246e-05 9.16515264e-05 1.12434600e-04 1.38241127e-04 1.50634488e-04 1.43248856e-04 1.84574520e-04 2.03777527e-04 2.07483124e-04 2.20039145e-04 2.43653295e-04 2.41335629e-04 2.60105313e-04 2.71766367e-04 2.84700249e-04 2.78200546e-04 2.92107943e-04 2.99315365e-04 2.92594565e-04 2.86186229e-04 2.90549541e-04 2.71155128e-04 2.46390060e-04 2.36088197e-04 2.20856697e-04 1.85469814e-04 1.63011148e-04 1.43421495e-04 1.07673326e-04 7.98044699e-05 5.37951366e-05
