
%********************************************************
%*                 .-~*~~~*~-.                          *
%*                .-~~~~~~~~~-.                         *
%*               /  X       X  \                        *
%*              |    .-----.    |                       *
%*               \  '_______'  /                        *
%*                `-.........-'                         *
%* *          ____   ___  ____ ____                     *
%*           |  _ \ / _ \_   _| __ )                    *
%*           | | | | | | || | |  _ \                    *
%*           | |_| | |_| || | | |_) |                   *
%*           |____/ \___/ |_| |____/                    *
%********************************************************
%*      Discrete Ordinate with Two Braincells           *
%********************************************************
    
%%%%Discrete Ordinates with Two BrainCells%%%%
%%%%%%%%%Pin Power Calculation Output%%%%%%%%%

% Flux array organization: [group][i_x][j_y]
% Flux matrices below are printed with i_x (columns) and j_y (rows).
% an input parser reads the first row, stores in a vector and so on. so vector of vectors will have access index [i_x][i_y]

name 34x34-Bare-3x3samepinxs
groups 2

% this output was generated for pin power calculation from DOTB
pincalc true
pitch 1.26000000
pins 34	34

% the cell centers used in the mesh grid in solver
cellx 0.07550000 0.63000000 1.26000000 1.89000000 2.52000000 3.15000000 3.78000000 4.41000000 5.04000000 5.67000000 6.30000000 6.93000000 7.56000000 8.19000000 8.82000000 9.45000000 10.08000000 10.71000000 11.34000000 11.97000000 12.60000000 13.23000000 13.86000000 14.49000000 15.12000000 15.75000000 16.38000000 17.01000000 17.64000000 18.27000000 18.90000000 19.53000000 20.16000000 20.79000000 21.42000000 22.05000000 22.68000000 23.31000000 23.94000000 24.57000000 25.20000000 25.83000000 26.46000000 27.09000000 27.72000000 28.35000000 28.98000000 29.61000000 30.24000000 30.87000000 31.50000000 32.13000000 32.76000000 33.39000000 34.02000000 34.65000000 35.28000000 35.91000000 36.54000000 37.17000000 37.80000000 38.43000000 39.06000000 39.69000000 40.32000000 40.95000000 41.58000000 42.21000000 42.76450000
celly 0.07550000 0.63000000 1.26000000 1.89000000 2.52000000 3.15000000 3.78000000 4.41000000 5.04000000 5.67000000 6.30000000 6.93000000 7.56000000 8.19000000 8.82000000 9.45000000 10.08000000 10.71000000 11.34000000 11.97000000 12.60000000 13.23000000 13.86000000 14.49000000 15.12000000 15.75000000 16.38000000 17.01000000 17.64000000 18.27000000 18.90000000 19.53000000 20.16000000 20.79000000 21.42000000 22.05000000 22.68000000 23.31000000 23.94000000 24.57000000 25.20000000 25.83000000 26.46000000 27.09000000 27.72000000 28.35000000 28.98000000 29.61000000 30.24000000 30.87000000 31.50000000 32.13000000 32.76000000 33.39000000 34.02000000 34.65000000 35.28000000 35.91000000 36.54000000 37.17000000 37.80000000 38.43000000 39.06000000 39.69000000 40.32000000 40.95000000 41.58000000 42.21000000 42.76450000

% array of length of each cell in mesh used in the solver & is useful for pin power calc
delxi 0.15100000 0.95800000 0.30200000 0.95800000 0.30200000 0.95800000 0.30200000 0.95800000 0.30200000 0.95800000 0.30200000 0.95800000 0.30200000 0.95800000 0.30200000 0.95800000 0.30200000 0.95800000 0.30200000 0.95800000 0.30200000 0.95800000 0.30200000 0.95800000 0.30200000 0.95800000 0.30200000 0.95800000 0.30200000 0.95800000 0.30200000 0.95800000 0.30200000 0.95800000 0.30200000 0.95800000 0.30200000 0.95800000 0.30200000 0.95800000 0.30200000 0.95800000 0.30200000 0.95800000 0.30200000 0.95800000 0.30200000 0.95800000 0.30200000 0.95800000 0.30200000 0.95800000 0.30200000 0.95800000 0.30200000 0.95800000 0.30200000 0.95800000 0.30200000 0.95800000 0.30200000 0.95800000 0.30200000 0.95800000 0.30200000 0.95800000 0.30200000 0.95800000 0.15100000
delyj 0.15100000 0.95800000 0.30200000 0.95800000 0.30200000 0.95800000 0.30200000 0.95800000 0.30200000 0.95800000 0.30200000 0.95800000 0.30200000 0.95800000 0.30200000 0.95800000 0.30200000 0.95800000 0.30200000 0.95800000 0.30200000 0.95800000 0.30200000 0.95800000 0.30200000 0.95800000 0.30200000 0.95800000 0.30200000 0.95800000 0.30200000 0.95800000 0.30200000 0.95800000 0.30200000 0.95800000 0.30200000 0.95800000 0.30200000 0.95800000 0.30200000 0.95800000 0.30200000 0.95800000 0.30200000 0.95800000 0.30200000 0.95800000 0.30200000 0.95800000 0.30200000 0.95800000 0.30200000 0.95800000 0.30200000 0.95800000 0.30200000 0.95800000 0.30200000 0.95800000 0.30200000 0.95800000 0.30200000 0.95800000 0.30200000 0.95800000 0.30200000 0.95800000 0.15100000

phi1
0.07804997 2.15856412e-01 3.43602874e-01 3.05959781e-01 3.12253850e-01 4.05356486e-01 4.42774809e-01 5.04220893e-01 5.42223275e-01 5.86864217e-01 7.05154250e-01 7.11188900e-01 7.21812684e-01 7.94873968e-01 8.90349285e-01 8.98397576e-01 8.53243886e-01 9.63509170e-01 1.05088629e+00 1.08576186e+00 1.18944792e+00 1.19127711e+00 1.15385132e+00 1.29098617e+00 1.40647891e+00 1.36467009e+00 1.44247375e+00 1.45847574e+00 1.37986639e+00 1.50908383e+00 1.59326945e+00 1.60309028e+00 1.74004326e+00 1.64035707e+00 1.44968449e+00 1.68352861e+00 1.83832922e+00 1.72086623e+00 1.74900621e+00 1.73532591e+00 1.61719013e+00 1.71834622e+00 1.76062861e+00 1.72378413e+00 1.76722143e+00 1.67101922e+00 1.54993931e+00 1.59913393e+00 1.64033943e+00 1.52445644e+00 1.44314035e+00 1.45124329e+00 1.36995759e+00 1.33213437e+00 1.32668443e+00 1.21008671e+00 1.09794277e+00 1.10382167e+00 1.06195419e+00 9.53063615e-01 9.50675248e-01 8.03636998e-01 6.42766983e-01 6.74434327e-01 6.18222862e-01 4.95443689e-01 5.07415748e-01 3.60993479e-01 1.79151198e-01
2.15856412e-01 2.57888470e-01 3.48127694e-01 4.27171876e-01 4.60372067e-01 5.15704302e-01 5.93875303e-01 6.59300152e-01 7.23927961e-01 7.80109317e-01 8.52996142e-01 9.42450279e-01 9.90102722e-01 1.03383954e+00 1.10726034e+00 1.18568313e+00 1.22907712e+00 1.26439157e+00 1.35523568e+00 1.43952130e+00 1.48188601e+00 1.54958770e+00 1.63228052e+00 1.69746365e+00 1.76413474e+00 1.81471455e+00 1.85315765e+00 1.91556091e+00 1.95676342e+00 1.98132721e+00 2.07335521e+00 2.15086044e+00 2.14957103e+00 2.16042243e+00 2.20616375e+00 2.22059518e+00 2.25013455e+00 2.29023240e+00 2.30884107e+00 2.31026407e+00 2.29709798e+00 2.25878233e+00 2.27373731e+00 2.30163635e+00 2.27477623e+00 2.22262745e+00 2.17158539e+00 2.10462309e+00 2.04842431e+00 2.01448753e+00 1.99596050e+00 1.93848069e+00 1.85780058e+00 1.76814704e+00 1.66920843e+00 1.58107782e+00 1.53199109e+00 1.46740931e+00 1.37104283e+00 1.28495125e+00 1.16915952e+00 1.04457078e+00 9.75231353e-01 8.84932873e-01 7.65118978e-01 6.83378657e-01 5.70824213e-01 4.38350673e-01 3.60993479e-01
3.43602874e-01 3.48127694e-01 3.45105607e-01 5.17561392e-01 6.66968709e-01 6.64009352e-01 7.15020390e-01 8.32759324e-01 9.11312083e-01 1.00231600e+00 1.06748083e+00 1.16124694e+00 1.29984929e+00 1.32212101e+00 1.35121116e+00 1.47963626e+00 1.61164961e+00 1.65343556e+00 1.68174563e+00 1.78564111e+00 1.85653404e+00 1.96392322e+00 2.12323064e+00 2.15328192e+00 2.17372584e+00 2.29119022e+00 2.36825119e+00 2.41607780e+00 2.51951029e+00 2.57536604e+00 2.62353322e+00 2.67662178e+00 2.66834476e+00 2.78510039e+00 2.95367423e+00 2.84382592e+00 2.73483538e+00 2.88808280e+00 2.96755483e+00 2.95623155e+00 2.97729377e+00 2.91755065e+00 2.86356846e+00 2.88846075e+00 2.88673972e+00 2.84624226e+00 2.83877200e+00 2.67734187e+00 2.49836475e+00 2.57020724e+00 2.58575373e+00 2.47747783e+00 2.42509125e+00 2.24252696e+00 2.03384540e+00 2.02689728e+00 1.98957557e+00 1.85226060e+00 1.79899393e+00 1.61783769e+00 1.39362448e+00 1.36336244e+00 1.28668799e+00 1.10341194e+00 1.03022446e+00 8.51117467e-01 6.19466217e-01 5.70824213e-01 5.07415748e-01
3.05959781e-01 4.27171876e-01 5.17561392e-01 5.85105997e-01 7.17046563e-01 8.40166869e-01 9.05244362e-01 9.90666678e-01 1.10642581e+00 1.20588536e+00 1.29661576e+00 1.37692032e+00 1.47858403e+00 1.60401082e+00 1.68716375e+00 1.77409841e+00 1.90811006e+00 2.02982156e+00 2.07799366e+00 2.11831449e+00 2.24882645e+00 2.38692756e+00 2.47344496e+00 2.57021319e+00 2.65646757e+00 2.73083206e+00 2.84261615e+00 2.94936136e+00 3.05580474e+00 3.16140691e+00 3.17074892e+00 3.16686922e+00 3.30659611e+00 3.42809944e+00 3.45423903e+00 3.47970780e+00 3.48293967e+00 3.46200393e+00 3.52852380e+00 3.58884046e+00 3.61075673e+00 3.60943091e+00 3.54180389e+00 3.44986145e+00 3.44181888e+00 3.43335990e+00 3.35956147e+00 3.27511961e+00 3.21076339e+00 3.11857304e+00 3.05321721e+00 2.98606952e+00 2.86246161e+00 2.71781483e+00 2.60946186e+00 2.48503439e+00 2.34951187e+00 2.23553378e+00 2.08304725e+00 1.91932553e+00 1.81403646e+00 1.67543277e+00 1.50114943e+00 1.35797637e+00 1.17775567e+00 9.82492066e-01 8.51117467e-01 6.83378657e-01 4.95443689e-01
3.12253850e-01 4.60372067e-01 6.66968709e-01 7.17046563e-01 7.31073630e-01 9.57662736e-01 1.16012050e+00 1.17918228e+00 1.25552628e+00 1.39759299e+00 1.49923111e+00 1.60751697e+00 1.68818430e+00 1.83983658e+00 2.03270456e+00 2.11667350e+00 2.21162836e+00 2.32854107e+00 2.45222959e+00 2.54134818e+00 2.60497885e+00 2.75290295e+00 2.88692788e+00 2.96590054e+00 3.09418700e+00 3.20230831e+00 3.26332025e+00 3.48562192e+00 3.71030864e+00 3.64890748e+00 3.64378782e+00 3.80126816e+00 3.88575975e+00 3.97554955e+00 4.07304084e+00 4.09815733e+00 4.16444334e+00 4.12656474e+00 4.01122286e+00 4.17862930e+00 4.34959413e+00 4.24467153e+00 4.19092351e+00 4.09422576e+00 3.96283331e+00 3.94201084e+00 3.90866965e+00 3.90235247e+00 3.87869252e+00 3.69933717e+00 3.53840191e+00 3.42548059e+00 3.28669601e+00 3.23450931e+00 3.16963637e+00 2.93849910e+00 2.78213991e+00 2.57063771e+00 2.31149455e+00 2.27728775e+00 2.19474016e+00 1.95482455e+00 1.82730836e+00 1.57231412e+00 1.26369325e+00 1.17775567e+00 1.03022446e+00 7.65118978e-01 6.18222862e-01
4.05356486e-01 5.15704302e-01 6.64009352e-01 8.40166869e-01 9.57662736e-01 1.05112535e+00 1.22462262e+00 1.38483968e+00 1.46839878e+00 1.56248041e+00 1.69041956e+00 1.80459405e+00 1.92972159e+00 2.08665730e+00 2.27279864e+00 2.44209636e+00 2.51823340e+00 2.58813603e+00 2.76219921e+00 2.96009342e+00 3.05325640e+00 3.09164060e+00 3.19381722e+00 3.32121468e+00 3.45827698e+00 3.65830200e+00 3.84679112e+00 3.96878763e+00 4.04879703e+00 4.13121302e+00 4.29127422e+00 4.44559283e+00 4.48306288e+00 4.49215346e+00 4.59705007e+00 4.70152594e+00 4.77478837e+00 4.80673562e+00 4.79386033e+00 4.76253313e+00 4.78503928e+00 4.81258361e+00 4.81530216e+00 4.73326838e+00 4.55461443e+00 4.42410923e+00 4.45342146e+00 4.48619846e+00 4.43775165e+00 4.27352499e+00 4.02499396e+00 3.82494013e+00 3.76995645e+00 3.72550410e+00 3.60084686e+00 3.39911451e+00 3.12098392e+00 2.87273813e+00 2.74920961e+00 2.61173876e+00 2.42294522e+00 2.24232644e+00 2.00883383e+00 1.75199312e+00 1.57231412e+00 1.35797637e+00 1.10341194e+00 8.84932873e-01 6.74434327e-01
4.42774809e-01 5.93875303e-01 7.15020390e-01 9.05244362e-01 1.16012050e+00 1.22462262e+00 1.24791720e+00 1.50983314e+00 1.75025507e+00 1.76341989e+00 1.83276832e+00 2.00919719e+00 2.14427073e+00 2.36547269e+00 2.56045757e+00 2.67599176e+00 2.83173193e+00 2.94980375e+00 3.07658228e+00 3.28093605e+00 3.50472705e+00 3.49743066e+00 3.45205132e+00 3.67596494e+00 3.86681684e+00 4.11167536e+00 4.44128932e+00 4.39655525e+00 4.30552042e+00 4.68785843e+00 5.00804252e+00 4.98224977e+00 5.08256946e+00 5.10039665e+00 5.03376844e+00 5.26987837e+00 5.43524818e+00 5.45673892e+00 5.59255902e+00 5.40098980e+00 5.15161989e+00 5.33810015e+00 5.49756612e+00 5.29236658e+00 5.13763317e+00 5.07042034e+00 4.93640556e+00 4.99879678e+00 5.07120121e+00 4.77442884e+00 4.48286334e+00 4.37013313e+00 4.22614044e+00 4.14568336e+00 4.13378693e+00 3.79009662e+00 3.40753959e+00 3.30231842e+00 3.14487818e+00 2.90225061e+00 2.76748969e+00 2.46745436e+00 2.11919756e+00 2.00883383e+00 1.82730836e+00 1.50114943e+00 1.28668799e+00 9.75231353e-01 6.42766983e-01
5.04220893e-01 6.59300152e-01 8.32759324e-01 9.90666678e-01 1.17918228e+00 1.38483968e+00 1.50983314e+00 1.59270671e+00 1.78203677e+00 1.99121174e+00 2.11170524e+00 2.25678656e+00 2.45609023e+00 2.63264282e+00 2.77228700e+00 2.91067861e+00 3.12335838e+00 3.35154947e+00 3.47031348e+00 3.57076352e+00 3.74180218e+00 3.91011014e+00 4.01770830e+00 4.13353520e+00 4.34801213e+00 4.55007492e+00 4.63852371e+00 4.75567577e+00 4.99026285e+00 5.22322626e+00 5.38622942e+00 5.49491523e+00 5.60274937e+00 5.71166030e+00 5.78309993e+00 5.81863494e+00 5.94940087e+00 6.07660171e+00 6.10318736e+00 6.03663947e+00 5.92202305e+00 5.80066014e+00 5.77719960e+00 5.82762030e+00 5.87364731e+00 5.81735170e+00 5.67284395e+00 5.48572722e+00 5.34127040e+00 5.23100264e+00 5.15513946e+00 5.02172868e+00 4.80076125e+00 4.56383295e+00 4.33527639e+00 4.12763076e+00 3.98909864e+00 3.79079817e+00 3.51421511e+00 3.22805203e+00 2.90436465e+00 2.63219459e+00 2.46745436e+00 2.24232644e+00 1.95482455e+00 1.67543277e+00 1.36336244e+00 1.04457078e+00 8.03636998e-01
5.42223275e-01 7.23927961e-01 9.11312083e-01 1.10642581e+00 1.25552628e+00 1.46839878e+00 1.75025507e+00 1.78203677e+00 1.77255662e+00 2.13389689e+00 2.46230215e+00 2.55515746e+00 2.72585137e+00 2.86685827e+00 2.94873572e+00 3.21694119e+00 3.45160585e+00 3.62957529e+00 3.88173246e+00 3.92876335e+00 3.96435905e+00 4.27031947e+00 4.55972848e+00 4.68305119e+00 4.83020096e+00 4.87667194e+00 4.86455225e+00 5.23276509e+00 5.64857102e+00 5.70335914e+00 5.75938646e+00 5.99501390e+00 6.16754526e+00 6.29554658e+00 6.46967587e+00 6.46940628e+00 6.45575471e+00 6.58501350e+00 6.67439092e+00 6.65064485e+00 6.68325009e+00 6.36351971e+00 6.02127271e+00 6.36548265e+00 6.61595080e+00 6.47207241e+00 6.42472990e+00 6.01362833e+00 5.55167399e+00 5.71956122e+00 5.83558343e+00 5.58264811e+00 5.45004217e+00 4.98713810e+00 4.45905442e+00 4.53254923e+00 4.53425663e+00 4.19728371e+00 3.99963776e+00 3.52015325e+00 2.97154720e+00 2.90436465e+00 2.76748969e+00 2.42294522e+00 2.19474016e+00 1.81403646e+00 1.39362448e+00 1.16915952e+00 9.50675248e-01
5.86864217e-01 7.80109317e-01 1.00231600e+00 1.20588536e+00 1.39759299e+00 1.56248041e+00 1.76341989e+00 1.99121174e+00 2.13389689e+00 2.27723850e+00 2.56058858e+00 2.83164115e+00 2.96098549e+00 3.09307381e+00 3.31559750e+00 3.52913049e+00 3.69798931e+00 3.86071704e+00 4.06645787e+00 4.29632278e+00 4.46522388e+00 4.64640653e+00 4.92369625e+00 5.14676640e+00 5.18473348e+00 5.22754603e+00 5.49287597e+00 5.79517641e+00 5.96603830e+00 6.13020509e+00 6.30522237e+00 6.46612828e+00 6.68527861e+00 6.87384905e+00 7.03336932e+00 7.13163941e+00 7.10742164e+00 7.04475784e+00 7.12672098e+00 7.19211689e+00 7.14756826e+00 7.07191952e+00 6.99495846e+00 6.92028726e+00 6.95193608e+00 6.94681768e+00 6.79831296e+00 6.57563258e+00 6.39543344e+00 6.23834740e+00 6.12974080e+00 6.00156106e+00 5.74432767e+00 5.42269710e+00 5.18479120e+00 4.95450394e+00 4.73240464e+00 4.51434535e+00 4.18396552e+00 3.79970181e+00 3.52015325e+00 3.22805203e+00 2.90225061e+00 2.61173876e+00 2.27728775e+00 1.91932553e+00 1.61783769e+00 1.28495125e+00 9.53063615e-01
7.05154250e-01 8.52996142e-01 1.06748083e+00 1.29661576e+00 1.49923111e+00 1.69041956e+00 1.83276832e+00 2.11170524e+00 2.46230215e+00 2.56058858e+00 2.61973503e+00 2.95712116e+00 3.26110976e+00 3.41000646e+00 3.62531939e+00 3.79949034e+00 3.93231895e+00 4.12303891e+00 4.28549047e+00 4.60563762e+00 4.95493579e+00 5.11848496e+00 5.31652665e+00 5.41060748e+00 5.49080373e+00 5.79929925e+00 6.06543170e+00 6.20774583e+00 6.36383570e+00 6.55668813e+00 6.78938388e+00 7.00387985e+00 7.13725888e+00 7.42640582e+00 7.72188763e+00 7.68056234e+00 7.71499447e+00 7.65644209e+00 7.52945938e+00 7.60601597e+00 7.66707372e+00 7.77016429e+00 7.88460595e+00 7.58461779e+00 7.27950210e+00 7.26243276e+00 7.19461389e+00 7.18469814e+00 7.19709967e+00 6.80938252e+00 6.47946908e+00 6.27338834e+00 6.00100166e+00 5.94422529e+00 5.85083956e+00 5.38795377e+00 5.03958091e+00 4.70679234e+00 4.30293716e+00 4.18396552e+00 3.99963776e+00 3.51421511e+00 3.14487818e+00 2.74920961e+00 2.31149455e+00 2.08304725e+00 1.79899393e+00 1.37104283e+00 1.06195419e+00
7.11188900e-01 9.42450279e-01 1.16124694e+00 1.37692032e+00 1.60751697e+00 1.80459405e+00 2.00919719e+00 2.25678656e+00 2.55515746e+00 2.83164115e+00 2.95712116e+00 3.05499649e+00 3.36587472e+00 3.72559976e+00 3.91042109e+00 4.03202275e+00 4.19748790e+00 4.37697675e+00 4.60762339e+00 4.92099417e+00 5.27150835e+00 5.52614327e+00 5.57606140e+00 5.64672798e+00 5.98705237e+00 6.37417524e+00 6.52865963e+00 6.58559661e+00 6.75349997e+00 6.98368368e+00 7.24751937e+00 7.55177240e+00 7.79995013e+00 7.93326862e+00 8.05379864e+00 8.16688532e+00 8.29362887e+00 8.29241654e+00 8.12378515e+00 8.00936227e+00 8.15437320e+00 8.34576672e+00 8.40012568e+00 8.21722073e+00 7.85956376e+00 7.59067228e+00 7.62751152e+00 7.72277866e+00 7.64894458e+00 7.35608345e+00 6.90217048e+00 6.53668657e+00 6.45786067e+00 6.39865582e+00 6.18782091e+00 5.81923777e+00 5.31178824e+00 4.88688933e+00 4.70679234e+00 4.51434535e+00 4.19728371e+00 3.79079817e+00 3.30231842e+00 2.87273813e+00 2.57063771e+00 2.23553378e+00 1.85226060e+00 1.46740931e+00 1.10382167e+00
7.21812684e-01 9.90102722e-01 1.29984929e+00 1.47858403e+00 1.68818430e+00 1.92972159e+00 2.14427073e+00 2.45609023e+00 2.72585137e+00 2.96098549e+00 3.26110976e+00 3.36587472e+00 3.42773192e+00 3.86936308e+00 4.29279236e+00 4.31401688e+00 4.39484792e+00 4.67055171e+00 4.88435202e+00 5.27835765e+00 5.67376572e+00 5.73194066e+00 5.81629132e+00 6.15148051e+00 6.47847755e+00 6.73661051e+00 7.02839239e+00 7.08142356e+00 7.09446931e+00 7.44727282e+00 7.75088162e+00 8.07760439e+00 8.48204516e+00 8.42725316e+00 8.33218482e+00 8.66174407e+00 8.95792244e+00 8.79790729e+00 8.69702806e+00 8.66605927e+00 8.55966827e+00 8.79820722e+00 9.03371753e+00 8.69704217e+00 8.39406615e+00 8.22658275e+00 8.00844939e+00 8.11073891e+00 8.25579954e+00 7.75753529e+00 7.25296335e+00 7.08706497e+00 6.84729543e+00 6.71753891e+00 6.69233661e+00 6.12217251e+00 5.50573403e+00 5.31178824e+00 5.03958091e+00 4.73240464e+00 4.53425663e+00 3.98909864e+00 3.40753959e+00 3.12098392e+00 2.78213991e+00 2.34951187e+00 1.98957557e+00 1.53199109e+00 1.09794277e+00
7.94873968e-01 1.03383954e+00 1.32212101e+00 1.60401082e+00 1.83983658e+00 2.08665730e+00 2.36547269e+00 2.63264282e+00 2.86685827e+00 3.09307381e+00 3.41000646e+00 3.72559976e+00 3.86936308e+00 3.97860133e+00 4.26889938e+00 4.59424854e+00 4.80427894e+00 5.02574966e+00 5.31930984e+00 5.57321843e+00 5.73003751e+00 5.93611942e+00 6.33798254e+00 6.74202396e+00 6.91981890e+00 7.04048951e+00 7.29233027e+00 7.57811303e+00 7.80056622e+00 8.01692501e+00 8.31344948e+00 8.58189054e+00 8.75715372e+00 8.90392214e+00 9.06345384e+00 9.13537180e+00 9.19145512e+00 9.26041588e+00 9.38056290e+00 9.43307751e+00 9.35137679e+00 9.20233253e+00 9.12985100e+00 9.09642335e+00 9.10084173e+00 9.01286692e+00 8.76216750e+00 8.46682302e+00 8.24519031e+00 8.06800784e+00 7.96186682e+00 7.75761447e+00 7.40210580e+00 7.02280154e+00 6.66636885e+00 6.34206368e+00 6.12217251e+00 5.81923777e+00 5.38795377e+00 4.95450394e+00 4.53254923e+00 4.12763076e+00 3.79009662e+00 3.39911451e+00 2.93849910e+00 2.48503439e+00 2.02689728e+00 1.58107782e+00 1.21008671e+00
8.90349285e-01 1.10726034e+00 1.35121116e+00 1.68716375e+00 2.03270456e+00 2.27279864e+00 2.56045757e+00 2.77228700e+00 2.94873572e+00 3.31559750e+00 3.62531939e+00 3.91042109e+00 4.29279236e+00 4.26889938e+00 4.18122788e+00 4.75064968e+00 5.27505598e+00 5.44256106e+00 5.72458014e+00 5.76003193e+00 5.71987238e+00 6.33374645e+00 6.89336530e+00 7.09377387e+00 7.39467902e+00 7.47157509e+00 7.51575265e+00 7.99704623e+00 8.45764318e+00 8.65203585e+00 8.86502092e+00 8.98716888e+00 9.07766464e+00 9.41405256e+00 9.79231722e+00 9.61065646e+00 9.37495795e+00 9.75562472e+00 1.00717614e+01 1.00532847e+01 1.01519640e+01 9.68940998e+00 9.14971613e+00 9.53195908e+00 9.84425576e+00 9.62054303e+00 9.56811815e+00 8.89581837e+00 8.12212057e+00 8.44958446e+00 8.66636496e+00 8.26490428e+00 8.06770800e+00 7.34795602e+00 6.52948833e+00 6.66636885e+00 6.69233661e+00 6.18782091e+00 5.85083956e+00 5.18479120e+00 4.45905442e+00 4.33527639e+00 4.13378693e+00 3.60084686e+00 3.16963637e+00 2.60946186e+00 2.03384540e+00 1.66920843e+00 1.32668443e+00
8.98397576e-01 1.18568313e+00 1.47963626e+00 1.77409841e+00 2.11667350e+00 2.44209636e+00 2.67599176e+00 2.91067861e+00 3.21694119e+00 3.52913049e+00 3.79949034e+00 4.03202275e+00 4.31401688e+00 4.59424854e+00 4.75064968e+00 4.94613076e+00 5.37296625e+00 5.76043877e+00 5.86741663e+00 5.99577794e+00 6.36490442e+00 6.77743976e+00 7.07168118e+00 7.30681529e+00 7.59587294e+00 7.90132978e+00 8.14021361e+00 8.41829943e+00 8.81847981e+00 9.14519857e+00 9.26846703e+00 9.37203809e+00 9.65089770e+00 9.91854830e+00 1.00576159e+01 1.01033620e+01 1.01709877e+01 1.02279589e+01 1.03539952e+01 1.04456116e+01 1.03922097e+01 1.02343025e+01 1.01035402e+01 1.00083706e+01 1.00081403e+01 9.96048213e+00 9.71761598e+00 9.36918439e+00 9.10374492e+00 8.87770308e+00 8.72851108e+00 8.54869136e+00 8.16862080e+00 7.69675795e+00 7.34795602e+00 7.02280154e+00 6.71753891e+00 6.39865582e+00 5.94422529e+00 5.42269710e+00 4.98713810e+00 4.56383295e+00 4.14568336e+00 3.72550410e+00 3.23450931e+00 2.71781483e+00 2.24252696e+00 1.76814704e+00 1.33213437e+00
8.53243886e-01 1.22907712e+00 1.61164961e+00 1.90811006e+00 2.21162836e+00 2.51823340e+00 2.83173193e+00 3.12335838e+00 3.45160585e+00 3.69798931e+00 3.93231895e+00 4.19748790e+00 4.39484792e+00 4.80427894e+00 5.27505598e+00 5.37296625e+00 5.46270281e+00 5.79786284e+00 6.07549940e+00 6.47304881e+00 6.94242706e+00 7.11137955e+00 7.25144980e+00 7.55926247e+00 7.80706904e+00 8.24789957e+00 8.73381549e+00 8.96373822e+00 9.21070045e+00 9.41849721e+00 9.64389100e+00 9.92454967e+00 1.01917541e+01 1.03050468e+01 1.03555086e+01 1.06319427e+01 1.08980166e+01 1.07652792e+01 1.06489948e+01 1.06720951e+01 1.06602527e+01 1.08154118e+01 1.09926226e+01 1.05800233e+01 1.02165451e+01 1.00819420e+01 9.86323592e+00 9.92743145e+00 9.98698942e+00 9.38573657e+00 8.88278780e+00 8.61054764e+00 8.23474476e+00 8.16862080e+00 8.06770800e+00 7.40210580e+00 6.84729543e+00 6.45786067e+00 6.00100166e+00 5.74432767e+00 5.45004217e+00 4.80076125e+00 4.22614044e+00 3.76995645e+00 3.28669601e+00 2.86246161e+00 2.42509125e+00 1.85780058e+00 1.36995759e+00
9.63509170e-01 1.26439157e+00 1.65343556e+00 2.02982156e+00 2.32854107e+00 2.58813603e+00 2.94980375e+00 3.35154947e+00 3.62957529e+00 3.86071704e+00 4.12303891e+00 4.37697675e+00 4.67055171e+00 5.02574966e+00 5.44256106e+00 5.76043877e+00 5.79786284e+00 5.86382588e+00 6.35082482e+00 6.95444457e+00 7.24482188e+00 7.39550428e+00 7.61296513e+00 7.84587489e+00 8.16120543e+00 8.61521307e+00 9.11008551e+00 9.45841134e+00 9.56508912e+00 9.67466445e+00 1.00497694e+01 1.04538251e+01 1.06034021e+01 1.06390141e+01 1.08533986e+01 1.11027245e+01 1.12916142e+01 1.12899001e+01 1.10931928e+01 1.09275084e+01 1.10641611e+01 1.12940472e+01 1.13503905e+01 1.11057971e+01 1.06210755e+01 1.02418369e+01 1.02773698e+01 1.03805197e+01 1.02618383e+01 9.85696293e+00 9.21583590e+00 8.70277908e+00 8.61054764e+00 8.54869136e+00 8.26490428e+00 7.75761447e+00 7.08706497e+00 6.53668657e+00 6.27338834e+00 6.00156106e+00 5.58264811e+00 5.02172868e+00 4.37013313e+00 3.82494013e+00 3.42548059e+00 2.98606952e+00 2.47747783e+00 1.93848069e+00 1.45124329e+00
1.05088629e+00 1.35523568e+00 1.68174563e+00 2.07799366e+00 2.45222959e+00 2.76219921e+00 3.07658228e+00 3.47031348e+00 3.88173246e+00 4.06645787e+00 4.28549047e+00 4.60762339e+00 4.88435202e+00 5.31930984e+00 5.72458014e+00 5.86741663e+00 6.07549940e+00 6.35082482e+00 6.56680490e+00 7.11865053e+00 7.67763031e+00 7.76375853e+00 7.89148463e+00 8.22597363e+00 8.48623043e+00 9.03992396e+00 9.59874002e+00 9.73868785e+00 9.92569016e+00 1.01986507e+01 1.04987524e+01 1.07655292e+01 1.09860107e+01 1.11356360e+01 1.12340453e+01 1.15034290e+01 1.17971482e+01 1.16739004e+01 1.15229788e+01 1.14898300e+01 1.14241734e+01 1.16141909e+01 1.18805371e+01 1.14220584e+01 1.09454306e+01 1.08178203e+01 1.06044356e+01 1.06349799e+01 1.07639600e+01 1.01103992e+01 9.44042367e+00 9.21583590e+00 8.88278780e+00 8.72851108e+00 8.66636496e+00 7.96186682e+00 7.25296335e+00 6.90217048e+00 6.47946908e+00 6.12974080e+00 5.83558343e+00 5.15513946e+00 4.48286334e+00 4.02499396e+00 3.53840191e+00 3.05321721e+00 2.58575373e+00 1.99596050e+00 1.44314035e+00
1.08576186e+00 1.43952130e+00 1.78564111e+00 2.11831449e+00 2.54134818e+00 2.96009342e+00 3.28093605e+00 3.57076352e+00 3.92876335e+00 4.29632278e+00 4.60563762e+00 4.92099417e+00 5.27835765e+00 5.57321843e+00 5.76003193e+00 5.99577794e+00 6.47304881e+00 6.95444457e+00 7.11865053e+00 7.24796581e+00 7.66535789e+00 8.13908090e+00 8.45418155e+00 8.73879218e+00 9.09526346e+00 9.42941725e+00 9.69231364e+00 9.99125330e+00 1.04242492e+01 1.07989767e+01 1.09351930e+01 1.10313315e+01 1.13350447e+01 1.16233395e+01 1.17749622e+01 1.18530709e+01 1.19395624e+01 1.20016799e+01 1.21412052e+01 1.21886193e+01 1.20692010e+01 1.18834787e+01 1.17302229e+01 1.16293958e+01 1.16447882e+01 1.15408878e+01 1.12204530e+01 1.08401868e+01 1.05146127e+01 1.02475622e+01 1.01103992e+01 9.85696293e+00 9.38573657e+00 8.87770308e+00 8.44958446e+00 8.06800784e+00 7.75753529e+00 7.35608345e+00 6.80938252e+00 6.23834740e+00 5.71956122e+00 5.23100264e+00 4.77442884e+00 4.27352499e+00 3.69933717e+00 3.11857304e+00 2.57020724e+00 2.01448753e+00 1.52445644e+00
1.18944792e+00 1.48188601e+00 1.85653404e+00 2.24882645e+00 2.60497885e+00 3.05325640e+00 3.50472705e+00 3.74180218e+00 3.96435905e+00 4.46522388e+00 4.95493579e+00 5.27150835e+00 5.67376572e+00 5.73003751e+00 5.71987238e+00 6.36490442e+00 6.94242706e+00 7.24482188e+00 7.67763031e+00 7.66535789e+00 7.57754559e+00 8.36811677e+00 9.08776991e+00 9.31050496e+00 9.66132955e+00 9.72770201e+00 9.73341158e+00 1.03772226e+01 1.09945673e+01 1.11362457e+01 1.13141732e+01 1.14971541e+01 1.16315973e+01 1.19946124e+01 1.24119560e+01 1.22258373e+01 1.19878588e+01 1.23989889e+01 1.27331453e+01 1.26986477e+01 1.28062077e+01 1.21914525e+01 1.14825318e+01 1.19507606e+01 1.23269726e+01 1.20257493e+01 1.19448071e+01 1.10975462e+01 1.01289421e+01 1.05146127e+01 1.07639600e+01 1.02618383e+01 9.98698942e+00 9.10374492e+00 8.12212057e+00 8.24519031e+00 8.25579954e+00 7.64894458e+00 7.19709967e+00 6.39543344e+00 5.55167399e+00 5.34127040e+00 5.07120121e+00 4.43775165e+00 3.87869252e+00 3.21076339e+00 2.49836475e+00 2.04842431e+00 1.64033943e+00
1.19127711e+00 1.54958770e+00 1.96392322e+00 2.38692756e+00 2.75290295e+00 3.09164060e+00 3.49743066e+00 3.91011014e+00 4.27031947e+00 4.64640653e+00 5.11848496e+00 5.52614327e+00 5.73194066e+00 5.93611942e+00 6.33374645e+00 6.77743976e+00 7.11137955e+00 7.39550428e+00 7.76375853e+00 8.13908090e+00 8.36811677e+00 8.65197146e+00 9.21171436e+00 9.71361276e+00 9.89557953e+00 1.00333399e+01 1.03619651e+01 1.07386498e+01 1.10280789e+01 1.12804247e+01 1.16278969e+01 1.19624444e+01 1.21857941e+01 1.23728109e+01 1.25676516e+01 1.26307154e+01 1.26817393e+01 1.27443155e+01 1.28578824e+01 1.29200845e+01 1.28075471e+01 1.25626009e+01 1.24209689e+01 1.23246031e+01 1.22774268e+01 1.21771027e+01 1.18478825e+01 1.14035758e+01 1.10975462e+01 1.08401868e+01 1.06349799e+01 1.03805197e+01 9.92743145e+00 9.36918439e+00 8.89581837e+00 8.46682302e+00 8.11073891e+00 7.72277866e+00 7.18469814e+00 6.57563258e+00 6.01362833e+00 5.48572722e+00 4.99879678e+00 4.48619846e+00 3.90235247e+00 3.27511961e+00 2.67734187e+00 2.10462309e+00 1.59913393e+00
1.15385132e+00 1.63228052e+00 2.12323064e+00 2.47344496e+00 2.88692788e+00 3.19381722e+00 3.45205132e+00 4.01770830e+00 4.55972848e+00 4.92369625e+00 5.31652665e+00 5.57606140e+00 5.81629132e+00 6.33798254e+00 6.89336530e+00 7.07168118e+00 7.25144980e+00 7.61296513e+00 7.89148463e+00 8.45418155e+00 9.08776991e+00 9.21171436e+00 9.30990040e+00 9.78268407e+00 1.02201366e+01 1.05275531e+01 1.09307300e+01 1.09887760e+01 1.09650934e+01 1.14981581e+01 1.19561514e+01 1.23138980e+01 1.28164610e+01 1.27852712e+01 1.26774603e+01 1.30490890e+01 1.33440274e+01 1.31177486e+01 1.30322302e+01 1.29416414e+01 1.27500794e+01 1.30448438e+01 1.32753570e+01 1.27467711e+01 1.23508036e+01 1.20699838e+01 1.17077213e+01 1.18478825e+01 1.19448071e+01 1.12204530e+01 1.06044356e+01 1.02773698e+01 9.86323592e+00 9.71761598e+00 9.56811815e+00 8.76216750e+00 8.00844939e+00 7.62751152e+00 7.19461389e+00 6.79831296e+00 6.42472990e+00 5.67284395e+00 4.93640556e+00 4.45342146e+00 3.90866965e+00 3.35956147e+00 2.83877200e+00 2.17158539e+00 1.54993931e+00
1.29098617e+00 1.69746365e+00 2.15328192e+00 2.57021319e+00 2.96590054e+00 3.32121468e+00 3.67596494e+00 4.13353520e+00 4.68305119e+00 5.14676640e+00 5.41060748e+00 5.64672798e+00 6.15148051e+00 6.74202396e+00 7.09377387e+00 7.30681529e+00 7.55926247e+00 7.84587489e+00 8.22597363e+00 8.73879218e+00 9.31050496e+00 9.71361276e+00 9.78268407e+00 9.86444863e+00 1.03875314e+01 1.09738690e+01 1.11763277e+01 1.12268500e+01 1.14429407e+01 1.17706945e+01 1.21808325e+01 1.26426414e+01 1.29851236e+01 1.31540322e+01 1.33116257e+01 1.34162954e+01 1.35347222e+01 1.34751720e+01 1.31706954e+01 1.29725501e+01 1.31559800e+01 1.33958096e+01 1.34298917e+01 1.31054835e+01 1.25026410e+01 1.20467765e+01 1.20699838e+01 1.21771027e+01 1.20257493e+01 1.15408878e+01 1.08178203e+01 1.02418369e+01 1.00819420e+01 9.96048213e+00 9.62054303e+00 9.01286692e+00 8.22658275e+00 7.59067228e+00 7.26243276e+00 6.94681768e+00 6.47207241e+00 5.81735170e+00 5.07042034e+00 4.42410923e+00 3.94201084e+00 3.43335990e+00 2.84624226e+00 2.22262745e+00 1.67101922e+00
1.40647891e+00 1.76413474e+00 2.17372584e+00 2.65646757e+00 3.09418700e+00 3.45827698e+00 3.86681684e+00 4.34801213e+00 4.83020096e+00 5.18473348e+00 5.49080373e+00 5.98705237e+00 6.47847755e+00 6.91981890e+00 7.39467902e+00 7.59587294e+00 7.80706904e+00 8.16120543e+00 8.48623043e+00 9.09526346e+00 9.66132955e+00 9.89557953e+00 1.02201366e+01 1.03875314e+01 1.05284560e+01 1.10678877e+01 1.15124442e+01 1.16477561e+01 1.18488004e+01 1.21373956e+01 1.24795204e+01 1.29012895e+01 1.31837041e+01 1.35131345e+01 1.38619668e+01 1.37936134e+01 1.38500068e+01 1.36407444e+01 1.32940516e+01 1.33733737e+01 1.34487902e+01 1.35625845e+01 1.37727427e+01 1.32146305e+01 1.25756113e+01 1.25026410e+01 1.23508036e+01 1.22774268e+01 1.23269726e+01 1.16447882e+01 1.09454306e+01 1.06210755e+01 1.02165451e+01 1.00081403e+01 9.84425576e+00 9.10084173e+00 8.39406615e+00 7.85956376e+00 7.27950210e+00 6.95193608e+00 6.61595080e+00 5.87364731e+00 5.13763317e+00 4.55461443e+00 3.96283331e+00 3.44181888e+00 2.88673972e+00 2.27477623e+00 1.76722143e+00
1.36467009e+00 1.81471455e+00 2.29119022e+00 2.73083206e+00 3.20230831e+00 3.65830200e+00 4.11167536e+00 4.55007492e+00 4.87667194e+00 5.22754603e+00 5.79929925e+00 6.37417524e+00 6.73661051e+00 7.04048951e+00 7.47157509e+00 7.90132978e+00 8.24789957e+00 8.61521307e+00 9.03992396e+00 9.42941725e+00 9.72770201e+00 1.00333399e+01 1.05275531e+01 1.09738690e+01 1.10678877e+01 1.11195117e+01 1.15595441e+01 1.20652331e+01 1.23540245e+01 1.26399778e+01 1.29161021e+01 1.31558638e+01 1.35175067e+01 1.37897011e+01 1.39820226e+01 1.40858864e+01 1.39906055e+01 1.38130045e+01 1.38840890e+01 1.39057254e+01 1.37407974e+01 1.35752589e+01 1.33808950e+01 1.31969554e+01 1.32146305e+01 1.31054835e+01 1.27467711e+01 1.23246031e+01 1.19507606e+01 1.16293958e+01 1.14220584e+01 1.11057971e+01 1.05800233e+01 1.00083706e+01 9.53195908e+00 9.09642335e+00 8.69704217e+00 8.21722073e+00 7.58461779e+00 6.92028726e+00 6.36548265e+00 5.82762030e+00 5.29236658e+00 4.73326838e+00 4.09422576e+00 3.44986145e+00 2.88846075e+00 2.30163635e+00 1.72378413e+00
1.44247375e+00 1.85315765e+00 2.36825119e+00 2.84261615e+00 3.26332025e+00 3.84679112e+00 4.44128932e+00 4.63852371e+00 4.86455225e+00 5.49287597e+00 6.06543170e+00 6.52865963e+00 7.02839239e+00 7.29233027e+00 7.51575265e+00 8.14021361e+00 8.73381549e+00 9.11008551e+00 9.59874002e+00 9.69231364e+00 9.73341158e+00 1.03619651e+01 1.09307300e+01 1.11763277e+01 1.15124442e+01 1.15595441e+01 1.14937665e+01 1.22381044e+01 1.30421165e+01 1.31076418e+01 1.32188138e+01 1.35492902e+01 1.37391675e+01 1.39940311e+01 1.43380478e+01 1.41912646e+01 1.40298168e+01 1.42455690e+01 1.43587831e+01 1.42173681e+01 1.42181372e+01 1.35373955e+01 1.28252874e+01 1.33808950e+01 1.37727427e+01 1.34298917e+01 1.32753570e+01 1.24209689e+01 1.14825318e+01 1.17302229e+01 1.18805371e+01 1.13503905e+01 1.09926226e+01 1.01035402e+01 9.14971613e+00 9.12985100e+00 9.03371753e+00 8.40012568e+00 7.88460595e+00 6.99495846e+00 6.02127271e+00 5.77719960e+00 5.49756612e+00 4.81530216e+00 4.19092351e+00 3.54180389e+00 2.86356846e+00 2.27373731e+00 1.76062861e+00
1.45847574e+00 1.91556091e+00 2.41607780e+00 2.94936136e+00 3.48562192e+00 3.96878763e+00 4.39655525e+00 4.75567577e+00 5.23276509e+00 5.79517641e+00 6.20774583e+00 6.58559661e+00 7.08142356e+00 7.57811303e+00 7.99704623e+00 8.41829943e+00 8.96373822e+00 9.45841134e+00 9.73868785e+00 9.99125330e+00 1.03772226e+01 1.07386498e+01 1.09887760e+01 1.12268500e+01 1.16477561e+01 1.20652331e+01 1.22381044e+01 1.24518544e+01 1.29427152e+01 1.34349033e+01 1.37433915e+01 1.38946954e+01 1.40366507e+01 1.41783021e+01 1.42660592e+01 1.42795276e+01 1.44483798e+01 1.45983786e+01 1.45744420e+01 1.43583905e+01 1.39999692e+01 1.36424156e+01 1.35373955e+01 1.35752589e+01 1.35625845e+01 1.33958096e+01 1.30448438e+01 1.25626009e+01 1.21914525e+01 1.18834787e+01 1.16141909e+01 1.12940472e+01 1.08154118e+01 1.02343025e+01 9.68940998e+00 9.20233253e+00 8.79820722e+00 8.34576672e+00 7.77016429e+00 7.07191952e+00 6.36351971e+00 5.80066014e+00 5.33810015e+00 4.81258361e+00 4.24467153e+00 3.60943091e+00 2.91755065e+00 2.25878233e+00 1.71834622e+00
1.37986639e+00 1.95676342e+00 2.51951029e+00 3.05580474e+00 3.71030864e+00 4.04879703e+00 4.30552042e+00 4.99026285e+00 5.64857102e+00 5.96603830e+00 6.36383570e+00 6.75349997e+00 7.09446931e+00 7.80056622e+00 8.45764318e+00 8.81847981e+00 9.21070045e+00 9.56508912e+00 9.92569016e+00 1.04242492e+01 1.09945673e+01 1.10280789e+01 1.09650934e+01 1.14429407e+01 1.18488004e+01 1.23540245e+01 1.30421165e+01 1.29427152e+01 1.27561055e+01 1.36155822e+01 1.43151566e+01 1.42145160e+01 1.44042343e+01 1.43216554e+01 1.40535956e+01 1.45311678e+01 1.48570623e+01 1.47588470e+01 1.49508109e+01 1.44062519e+01 1.37018954e+01 1.39999692e+01 1.42181372e+01 1.37407974e+01 1.34487902e+01 1.31559800e+01 1.27500794e+01 1.28075471e+01 1.28062077e+01 1.20692010e+01 1.14241734e+01 1.10641611e+01 1.06602527e+01 1.03922097e+01 1.01519640e+01 9.35137679e+00 8.55966827e+00 8.15437320e+00 7.66707372e+00 7.14756826e+00 6.68325009e+00 5.92202305e+00 5.15161989e+00 4.78503928e+00 4.34959413e+00 3.61075673e+00 2.97729377e+00 2.29709798e+00 1.61719013e+00
1.50908383e+00 1.98132721e+00 2.57536604e+00 3.16140691e+00 3.64890748e+00 4.13121302e+00 4.68785843e+00 5.22322626e+00 5.70335914e+00 6.13020509e+00 6.55668813e+00 6.98368368e+00 7.44727282e+00 8.01692501e+00 8.65203585e+00 9.14519857e+00 9.41849721e+00 9.67466445e+00 1.01986507e+01 1.07989767e+01 1.11362457e+01 1.12804247e+01 1.14981581e+01 1.17706945e+01 1.21373956e+01 1.26399778e+01 1.31076418e+01 1.34349033e+01 1.36155822e+01 1.37612398e+01 1.41306582e+01 1.44649138e+01 1.44950851e+01 1.44443121e+01 1.45962532e+01 1.47348423e+01 1.48304414e+01 1.48293758e+01 1.46565465e+01 1.44387249e+01 1.44062519e+01 1.43583905e+01 1.42173681e+01 1.39057254e+01 1.33733737e+01 1.29725501e+01 1.29416414e+01 1.29200845e+01 1.26986477e+01 1.21886193e+01 1.14898300e+01 1.09275084e+01 1.06720951e+01 1.04456116e+01 1.00532847e+01 9.43307751e+00 8.66605927e+00 8.00936227e+00 7.60601597e+00 7.19211689e+00 6.65064485e+00 6.03663947e+00 5.40098980e+00 4.76253313e+00 4.17862930e+00 3.58884046e+00 2.95623155e+00 2.31026407e+00 1.73532591e+00
1.59326945e+00 2.07335521e+00 2.62353322e+00 3.17074892e+00 3.64378782e+00 4.29127422e+00 5.00804252e+00 5.38622942e+00 5.75938646e+00 6.30522237e+00 6.78938388e+00 7.24751937e+00 7.75088162e+00 8.31344948e+00 8.86502092e+00 9.26846703e+00 9.64389100e+00 1.00497694e+01 1.04987524e+01 1.09351930e+01 1.13141732e+01 1.16278969e+01 1.19561514e+01 1.21808325e+01 1.24795204e+01 1.29161021e+01 1.32188138e+01 1.37433915e+01 1.43151566e+01 1.41306582e+01 1.40457806e+01 1.44256657e+01 1.46240446e+01 1.47628410e+01 1.49453239e+01 1.48886424e+01 1.49545662e+01 1.47480852e+01 1.43557618e+01 1.46565465e+01 1.49508109e+01 1.45744420e+01 1.43587831e+01 1.38840890e+01 1.32940516e+01 1.31706954e+01 1.30322302e+01 1.28578824e+01 1.27331453e+01 1.21412052e+01 1.15229788e+01 1.10931928e+01 1.06489948e+01 1.03539952e+01 1.00717614e+01 9.38056290e+00 8.69702806e+00 8.12378515e+00 7.52945938e+00 7.12672098e+00 6.67439092e+00 6.10318736e+00 5.59255902e+00 4.79386033e+00 4.01122286e+00 3.52852380e+00 2.96755483e+00 2.30884107e+00 1.74900621e+00
1.60309028e+00 2.15086044e+00 2.67662178e+00 3.16686922e+00 3.80126816e+00 4.44559283e+00 4.98224977e+00 5.49491523e+00 5.99501390e+00 6.46612828e+00 7.00387985e+00 7.55177240e+00 8.07760439e+00 8.58189054e+00 8.98716888e+00 9.37203809e+00 9.92454967e+00 1.04538251e+01 1.07655292e+01 1.10313315e+01 1.14971541e+01 1.19624444e+01 1.23138980e+01 1.26426414e+01 1.29012895e+01 1.31558638e+01 1.35492902e+01 1.38946954e+01 1.42145160e+01 1.44649138e+01 1.44256657e+01 1.43621576e+01 1.47138498e+01 1.50138207e+01 1.50342664e+01 1.49901880e+01 1.48402002e+01 1.46504142e+01 1.47480852e+01 1.48293758e+01 1.47588470e+01 1.45983786e+01 1.42455690e+01 1.38130045e+01 1.36407444e+01 1.34751720e+01 1.31177486e+01 1.27443155e+01 1.23989889e+01 1.20016799e+01 1.16739004e+01 1.12899001e+01 1.07652792e+01 1.02279589e+01 9.75562472e+00 9.26041588e+00 8.79790729e+00 8.29241654e+00 7.65644209e+00 7.04475784e+00 6.58501350e+00 6.07660171e+00 5.45673892e+00 4.80673562e+00 4.12656474e+00 3.46200393e+00 2.88808280e+00 2.29023240e+00 1.72086623e+00
1.74004326e+00 2.14957103e+00 2.66834476e+00 3.30659611e+00 3.88575975e+00 4.48306288e+00 5.08256946e+00 5.60274937e+00 6.16754526e+00 6.68527861e+00 7.13725888e+00 7.79995013e+00 8.48204516e+00 8.75715372e+00 9.07766464e+00 9.65089770e+00 1.01917541e+01 1.06034021e+01 1.09860107e+01 1.13350447e+01 1.16315973e+01 1.21857941e+01 1.28164610e+01 1.29851236e+01 1.31837041e+01 1.35175067e+01 1.37391675e+01 1.40366507e+01 1.44042343e+01 1.44950851e+01 1.46240446e+01 1.47138498e+01 1.46322737e+01 1.49877427e+01 1.54810032e+01 1.49916987e+01 1.45206754e+01 1.48402002e+01 1.49545662e+01 1.48304414e+01 1.48570623e+01 1.44483798e+01 1.40298168e+01 1.39906055e+01 1.38500068e+01 1.35347222e+01 1.33440274e+01 1.26817393e+01 1.19878588e+01 1.19395624e+01 1.17971482e+01 1.12916142e+01 1.08980166e+01 1.01709877e+01 9.37495795e+00 9.19145512e+00 8.95792244e+00 8.29362887e+00 7.71499447e+00 7.10742164e+00 6.45575471e+00 5.94940087e+00 5.43524818e+00 4.77478837e+00 4.16444334e+00 3.48293967e+00 2.73483538e+00 2.25013455e+00 1.83832922e+00
1.64035707e+00 2.16042243e+00 2.78510039e+00 3.42809944e+00 3.97554955e+00 4.49215346e+00 5.10039665e+00 5.71166030e+00 6.29554658e+00 6.87384905e+00 7.42640582e+00 7.93326862e+00 8.42725316e+00 8.90392214e+00 9.41405256e+00 9.91854830e+00 1.03050468e+01 1.06390141e+01 1.11356360e+01 1.16233395e+01 1.19946124e+01 1.23728109e+01 1.27852712e+01 1.31540322e+01 1.35131345e+01 1.37897011e+01 1.39940311e+01 1.41783021e+01 1.43216554e+01 1.44443121e+01 1.47628410e+01 1.50138207e+01 1.49877427e+01 1.49199159e+01 1.49612687e+01 1.49538598e+01 1.49916987e+01 1.49901880e+01 1.48886424e+01 1.47348423e+01 1.45311678e+01 1.42795276e+01 1.41912646e+01 1.40858864e+01 1.37936134e+01 1.34162954e+01 1.30490890e+01 1.26307154e+01 1.22258373e+01 1.18530709e+01 1.15034290e+01 1.11027245e+01 1.06319427e+01 1.01033620e+01 9.61065646e+00 9.13537180e+00 8.66174407e+00 8.16688532e+00 7.68056234e+00 7.13163941e+00 6.46940628e+00 5.81863494e+00 5.26987837e+00 4.70152594e+00 4.09815733e+00 3.47970780e+00 2.84382592e+00 2.22059518e+00 1.68352861e+00
