
%********************************************************
%*                 .-~*~~~*~-.                          *
%*                .-~~~~~~~~~-.                         *
%*               /  X       X  \                        *
%*              |    .-----.    |                       *
%*               \  '_______'  /                        *
%*                `-.........-'                         *
%* *          ____   ___  ____ ____                     *
%*           |  _ \ / _ \_   _| __ )                    *
%*           | | | | | | || | |  _ \                    *
%*           | |_| | |_| || | | |_) |                   *
%*           |____/ \___/ |_| |____/                    *
%********************************************************
%*      Discrete Ordinate with Two Braincells           *
%********************************************************
    
%%%%Discrete Ordinates with Two BrainCells%%%%
%%%%%%%%%Pin Power Calculation Output%%%%%%%%%

% Flux array organization: [group][i_x][j_y]
% Flux matrices below are printed with i_x (columns) and j_y (rows).
% an input parser reads the first row, stores in a vector and so on. so vector of vectors will have access index [i_x][i_y]

% this output was generated for pin power calculation from DOTB
pincalc true
pitch 1.26000000 cm
pins 34	34

% the cell centers used in the mesh grid in solver
cellx 0.03775000 0.11325000 0.39050000 0.86950000 1.18450000 1.33550000 1.65050000 2.12950000 2.44450000 2.59550000 2.91050000 3.38950000 3.70450000 3.85550000 4.17050000 4.64950000 4.96450000 5.11550000 5.43050000 5.90950000 6.22450000 6.37550000 6.69050000 7.16950000 7.48450000 7.63550000 7.95050000 8.42950000 8.74450000 8.89550000 9.21050000 9.68950000 10.00450000 10.15550000 10.47050000 10.94950000 11.26450000 11.41550000 11.73050000 12.20950000 12.52450000 12.67550000 12.99050000 13.46950000 13.78450000 13.93550000 14.25050000 14.72950000 15.04450000 15.19550000 15.51050000 15.98950000 16.30450000 16.45550000 16.77050000 17.24950000 17.56450000 17.71550000 18.03050000 18.50950000 18.82450000 18.97550000 19.29050000 19.76950000 20.08450000 20.23550000 20.55050000 21.02950000 21.34450000 21.49550000 21.81050000 22.28950000 22.60450000 22.75550000 23.07050000 23.54950000 23.86450000 24.01550000 24.33050000 24.80950000 25.12450000 25.27550000 25.59050000 26.06950000 26.38450000 26.53550000 26.85050000 27.32950000 27.64450000 27.79550000 28.11050000 28.58950000 28.90450000 29.05550000 29.37050000 29.84950000 30.16450000 30.31550000 30.63050000 31.10950000 31.42450000 31.57550000 31.89050000 32.36950000 32.68450000 32.83550000 33.15050000 33.62950000 33.94450000 34.09550000 34.41050000 34.88950000 35.20450000 35.35550000 35.67050000 36.14950000 36.46450000 36.61550000 36.93050000 37.40950000 37.72450000 37.87550000 38.19050000 38.66950000 38.98450000 39.13550000 39.45050000 39.92950000 40.24450000 40.39550000 40.71050000 41.18950000 41.50450000 41.65550000 41.97050000 42.44950000 42.72675000 42.80225000
celly 0.03775000 0.11325000 0.39050000 0.86950000 1.18450000 1.33550000 1.65050000 2.12950000 2.44450000 2.59550000 2.91050000 3.38950000 3.70450000 3.85550000 4.17050000 4.64950000 4.96450000 5.11550000 5.43050000 5.90950000 6.22450000 6.37550000 6.69050000 7.16950000 7.48450000 7.63550000 7.95050000 8.42950000 8.74450000 8.89550000 9.21050000 9.68950000 10.00450000 10.15550000 10.47050000 10.94950000 11.26450000 11.41550000 11.73050000 12.20950000 12.52450000 12.67550000 12.99050000 13.46950000 13.78450000 13.93550000 14.25050000 14.72950000 15.04450000 15.19550000 15.51050000 15.98950000 16.30450000 16.45550000 16.77050000 17.24950000 17.56450000 17.71550000 18.03050000 18.50950000 18.82450000 18.97550000 19.29050000 19.76950000 20.08450000 20.23550000 20.55050000 21.02950000 21.34450000 21.49550000 21.81050000 22.28950000 22.60450000 22.75550000 23.07050000 23.54950000 23.86450000 24.01550000 24.33050000 24.80950000 25.12450000 25.27550000 25.59050000 26.06950000 26.38450000 26.53550000 26.85050000 27.32950000 27.64450000 27.79550000 28.11050000 28.58950000 28.90450000 29.05550000 29.37050000 29.84950000 30.16450000 30.31550000 30.63050000 31.10950000 31.42450000 31.57550000 31.89050000 32.36950000 32.68450000 32.83550000 33.15050000 33.62950000 33.94450000 34.09550000 34.41050000 34.88950000 35.20450000 35.35550000 35.67050000 36.14950000 36.46450000 36.61550000 36.93050000 37.40950000 37.72450000 37.87550000 38.19050000 38.66950000 38.98450000 39.13550000 39.45050000 39.92950000 40.24450000 40.39550000 40.71050000 41.18950000 41.50450000 41.65550000 41.97050000 42.44950000 42.72675000 42.80225000

% array of length of each cell in mesh used in the solver & is useful for pin power calc
delx 0.07550000 0.07550000 0.47900000 0.47900000 0.15100000 0.15100000 0.47900000 0.47900000 0.15100000 0.15100000 0.47900000 0.47900000 0.15100000 0.15100000 0.47900000 0.47900000 0.15100000 0.15100000 0.47900000 0.47900000 0.15100000 0.15100000 0.47900000 0.47900000 0.15100000 0.15100000 0.47900000 0.47900000 0.15100000 0.15100000 0.47900000 0.47900000 0.15100000 0.15100000 0.47900000 0.47900000 0.15100000 0.15100000 0.47900000 0.47900000 0.15100000 0.15100000 0.47900000 0.47900000 0.15100000 0.15100000 0.47900000 0.47900000 0.15100000 0.15100000 0.47900000 0.47900000 0.15100000 0.15100000 0.47900000 0.47900000 0.15100000 0.15100000 0.47900000 0.47900000 0.15100000 0.15100000 0.47900000 0.47900000 0.15100000 0.15100000 0.47900000 0.47900000 0.15100000 0.15100000 0.47900000 0.47900000 0.15100000 0.15100000 0.47900000 0.47900000 0.15100000 0.15100000 0.47900000 0.47900000 0.15100000 0.15100000 0.47900000 0.47900000 0.15100000 0.15100000 0.47900000 0.47900000 0.15100000 0.15100000 0.47900000 0.47900000 0.15100000 0.15100000 0.47900000 0.47900000 0.15100000 0.15100000 0.47900000 0.47900000 0.15100000 0.15100000 0.47900000 0.47900000 0.15100000 0.15100000 0.47900000 0.47900000 0.15100000 0.15100000 0.47900000 0.47900000 0.15100000 0.15100000 0.47900000 0.47900000 0.15100000 0.15100000 0.47900000 0.47900000 0.15100000 0.15100000 0.47900000 0.47900000 0.15100000 0.15100000 0.47900000 0.47900000 0.15100000 0.15100000 0.47900000 0.47900000 0.15100000 0.15100000 0.47900000 0.47900000 0.07550000 0.07550000
dely 0.07550000 0.07550000 0.47900000 0.47900000 0.15100000 0.15100000 0.47900000 0.47900000 0.15100000 0.15100000 0.47900000 0.47900000 0.15100000 0.15100000 0.47900000 0.47900000 0.15100000 0.15100000 0.47900000 0.47900000 0.15100000 0.15100000 0.47900000 0.47900000 0.15100000 0.15100000 0.47900000 0.47900000 0.15100000 0.15100000 0.47900000 0.47900000 0.15100000 0.15100000 0.47900000 0.47900000 0.15100000 0.15100000 0.47900000 0.47900000 0.15100000 0.15100000 0.47900000 0.47900000 0.15100000 0.15100000 0.47900000 0.47900000 0.15100000 0.15100000 0.47900000 0.47900000 0.15100000 0.15100000 0.47900000 0.47900000 0.15100000 0.15100000 0.47900000 0.47900000 0.15100000 0.15100000 0.47900000 0.47900000 0.15100000 0.15100000 0.47900000 0.47900000 0.15100000 0.15100000 0.47900000 0.47900000 0.15100000 0.15100000 0.47900000 0.47900000 0.15100000 0.15100000 0.47900000 0.47900000 0.15100000 0.15100000 0.47900000 0.47900000 0.15100000 0.15100000 0.47900000 0.47900000 0.15100000 0.15100000 0.47900000 0.47900000 0.15100000 0.15100000 0.47900000 0.47900000 0.15100000 0.15100000 0.47900000 0.47900000 0.15100000 0.15100000 0.47900000 0.47900000 0.15100000 0.15100000 0.47900000 0.47900000 0.15100000 0.15100000 0.47900000 0.47900000 0.15100000 0.15100000 0.47900000 0.47900000 0.15100000 0.15100000 0.47900000 0.47900000 0.15100000 0.15100000 0.47900000 0.47900000 0.15100000 0.15100000 0.47900000 0.47900000 0.15100000 0.15100000 0.47900000 0.47900000 0.15100000 0.15100000 0.47900000 0.47900000 0.07550000 0.07550000

phi1
0.24681004 0.23100296 0.18688432 0.23267064 0.32511475 0.34563704 0.29051550 0.30575492 0.39813055 0.42225294 0.37325148 0.40166721 0.52548792 0.55050040 0.47154031 0.50034237 0.62390307 0.64730096 0.56218487 0.60377500 0.75564419 0.78906395 0.68089487 0.68761292 0.85573699 0.88620446 0.75858566 0.79371079 0.97396896 0.99842881 0.86420369 0.86103625 1.02011903 1.04454292 0.92183094 0.96398526 1.15903521 1.18660100 1.03134900 1.06862312 1.29300906 1.32320605 1.14146158 1.14327356 1.36762127 1.38990066 1.20829770 1.26029963 1.50387255 1.52217095 1.30990308 1.32012425 1.56510099 1.59564237 1.38999367 1.37324576 1.60559979 1.62460736 1.42079546 1.46554390 1.71477735 1.72541679 1.50086879 1.52978379 1.80099292 1.82794200 1.58381387 1.52189527 1.74209865 1.75219308 1.54817008 1.62642087 1.89450706 1.88948265 1.62580885 1.61587199 1.87606034 1.88996961 1.64055223 1.59984050 1.82965169 1.82892907 1.59113013 1.63112556 1.88756638 1.87381549 1.60428992 1.59841341 1.85448435 1.85238978 1.57848399 1.52607710 1.75460745 1.74095098 1.48174430 1.48993681 1.72084112 1.69748869 1.43430136 1.39875591 1.60656337 1.58600669 1.34405079 1.31818535 1.50790574 1.48037213 1.23935069 1.22139122 1.41294377 1.38404803 1.14167907 1.09585029 1.26476096 1.23047326 1.00983255 0.99970364 1.15783292 1.11758914 0.89737984 0.85899921 1.00393874 0.97160475 0.76782643 0.70375484 0.82356201 0.78853544 0.60562721 0.58945985 0.68941225 0.64836794 0.47884680 0.43815208 0.53305568 0.49954640 0.34935206 0.29174119 0.36850619 0.38891119
0.23100296 0.25916313 0.21048310 0.22538202 0.31844642 0.35621299 0.32172806 0.30909661 0.38564692 0.43490236 0.40411652 0.40843801 0.50266817 0.57106130 0.51266990 0.50808507 0.61705483 0.66669928 0.60558748 0.61270651 0.74624352 0.80695930 0.73406039 0.70827811 0.83289023 0.91452594 0.81335809 0.80681057 0.97021339 1.02850851 0.92482310 0.88808696 1.01338038 1.07328692 0.98105465 0.98813301 1.15264242 1.21795908 1.10229032 1.10039335 1.29033578 1.35896266 1.20908325 1.17655775 1.36107356 1.42492638 1.28885739 1.30053131 1.50667646 1.56020691 1.38792225 1.36224985 1.57177798 1.63371001 1.46955492 1.42558403 1.60561306 1.66409957 1.50286189 1.51226742 1.73023837 1.76694704 1.58858660 1.59018935 1.81900366 1.86872787 1.66148325 1.58749079 1.75663025 1.78533879 1.63193712 1.68930493 1.92155775 1.92996683 1.70569115 1.68438811 1.90287975 1.92632437 1.71919689 1.68083269 1.85913149 1.85246469 1.66226756 1.70376654 1.92414161 1.90238123 1.67556450 1.68059921 1.89160886 1.87533822 1.63981879 1.61757444 1.79646913 1.74605403 1.53457369 1.56844820 1.76161127 1.71386289 1.48612881 1.47798310 1.64342430 1.59012458 1.39582582 1.40591149 1.54799232 1.47523438 1.27362064 1.30295969 1.45631325 1.38270249 1.16736273 1.16860951 1.30358460 1.21422662 1.04171129 1.07446398 1.18993831 1.10211364 0.91518112 0.92937059 1.03626022 0.96151721 0.77457437 0.76456944 0.85620429 0.75299937 0.61854957 0.64494260 0.71035313 0.62420007 0.47770316 0.48830760 0.55081153 0.48062112 0.33956158 0.33074089 0.40857718 0.36850619
0.18688432 0.21048310 0.25110606 0.27599958 0.29424502 0.33712022 0.38631494 0.39704964 0.39126922 0.42430914 0.47893953 0.50356452 0.50810661 0.54922435 0.61476181 0.63051958 0.62456890 0.66453367 0.72562352 0.74627416 0.74756556 0.79691454 0.87518065 0.88569152 0.85690718 0.89551957 0.96886922 0.98231284 0.97320555 1.02644324 1.10278813 1.09957474 1.06060736 1.09632547 1.17173727 1.19121864 1.17943434 1.23158150 1.32805924 1.34486231 1.31108507 1.35166579 1.43095502 1.43262382 1.39730176 1.45055918 1.56077130 1.57729544 1.53429643 1.57513015 1.66091998 1.66010584 1.61314552 1.65443173 1.74708449 1.74195392 1.67621872 1.70873646 1.80485701 1.81676039 1.77591703 1.82027850 1.92641762 1.93600231 1.87093210 1.89011617 1.96420495 1.94054428 1.85500026 1.87503886 1.98346412 2.01121287 1.95783491 1.97585192 2.05342201 2.04312806 1.96750690 1.97851741 2.06473611 2.04998126 1.94341580 1.93165079 2.01306288 2.02774013 1.95977430 1.95794710 2.03714683 2.03340204 1.93765119 1.91424840 1.98318868 1.96973107 1.84952065 1.80593244 1.86093077 1.86539339 1.78451012 1.75447685 1.80016969 1.77984463 1.67996345 1.64866438 1.71280982 1.70116967 1.57960475 1.51925237 1.55881297 1.55875107 1.46306104 1.40104232 1.41657244 1.39643303 1.30235050 1.25565418 1.29819864 1.28674514 1.17963672 1.11518139 1.13460280 1.12029957 1.02469923 0.95385426 0.94900109 0.92046380 0.82662723 0.77021616 0.78744129 0.76760572 0.67444203 0.60903967 0.60803418 0.58888593 0.51077075 0.44474714 0.42611705 0.39438723 0.33074089 0.29174119
0.23267064 0.22538202 0.27599958 0.35949037 0.37611159 0.36745782 0.43767008 0.52867803 0.53854649 0.51747010 0.56601571 0.64742738 0.66387366 0.65059205 0.71940870 0.81495620 0.81959757 0.80025096 0.86739098 0.95423135 0.95752912 0.94366694 1.03176757 1.13428534 1.12664340 1.09185648 1.15707350 1.24696085 1.23590066 1.21245314 1.30713276 1.41256258 1.39957823 1.36704478 1.42747010 1.50793824 1.50455113 1.49633420 1.60163799 1.69036024 1.64922073 1.61541140 1.71020968 1.81978081 1.81293992 1.79716621 1.89739631 1.97913994 1.93393055 1.90812871 2.01312462 2.09548387 2.04431713 2.01198011 2.11009802 2.19969357 2.16584292 2.13666274 2.21432202 2.28203560 2.24919968 2.24797802 2.36969218 2.42062507 2.32974914 2.29302568 2.38321107 2.45996732 2.43175383 2.41999855 2.47826998 2.47614412 2.40128993 2.40566399 2.52316792 2.56076948 2.47769285 2.46493693 2.54872333 2.56351440 2.49136033 2.48428370 2.52786447 2.48938967 2.40952092 2.43464075 2.53530854 2.51363398 2.40572004 2.41267322 2.47966075 2.42751470 2.32220535 2.32797414 2.35355546 2.26196425 2.15565176 2.18007037 2.24533231 2.19391253 2.10559728 2.13130814 2.16971161 2.07336771 1.96391296 1.98643950 1.99884853 1.86541619 1.74209077 1.76843869 1.79148492 1.68896519 1.60364124 1.64641219 1.66409186 1.53670774 1.42792047 1.46097113 1.46789694 1.32782203 1.20607051 1.22794449 1.22247212 1.09471524 1.01148539 1.04837936 1.03177558 0.88717852 0.79042419 0.82234835 0.80854598 0.66769995 0.56465512 0.58550580 0.56208357 0.42611705 0.33956158 0.34935206
0.32511475 0.31844642 0.29424502 0.37611159 0.48996110 0.47053101 0.44995992 0.56839739 0.68962313 0.67777109 0.61866138 0.69785824 0.82709656 0.82415134 0.76939323 0.87394595 1.03554913 1.01680514 0.93768424 1.03598901 1.19705579 1.18357438 1.09873301 1.21258547 1.40260903 1.39365768 1.26159135 1.33981906 1.53966055 1.51059273 1.39634318 1.52936539 1.74651149 1.72273106 1.57035004 1.64880249 1.86755494 1.85960745 1.71807987 1.80840368 2.03483635 2.01400895 1.84680590 1.98399082 2.26848415 2.24799824 2.04835035 2.13191688 2.39835348 2.37450165 2.17695706 2.26647338 2.52923114 2.50159843 2.28529839 2.38716274 2.67939727 2.66231716 2.42435533 2.49545842 2.79861228 2.78653468 2.55889826 2.60447673 2.86015260 2.83684826 2.59292028 2.69968654 3.03203052 3.02311531 2.72097215 2.68516670 2.94888164 2.94627569 2.72164323 2.78748951 3.07420731 3.06283838 2.77037522 2.79298267 3.09922588 3.10049368 2.77749593 2.71408427 2.98329293 2.99774814 2.73131373 2.72363405 3.00187053 3.01536807 2.69106703 2.62862078 2.89537870 2.90822436 2.58132970 2.44960135 2.65725845 2.67394215 2.41896347 2.39981764 2.65038738 2.66304697 2.35109326 2.24560182 2.47072422 2.50028181 2.18637670 2.00265972 2.15863645 2.18969067 1.93394492 1.84805210 2.03699592 2.05556063 1.78743812 1.65733855 1.81807042 1.84604966 1.59037110 1.41347447 1.52160327 1.55394384 1.31762715 1.19388815 1.31601258 1.32972609 1.10358828 0.94641153 1.03646878 1.06235398 0.86694848 0.69254841 0.74053947 0.76996946 0.58550580 0.44474714 0.48062112 0.49954640
0.34563704 0.35621299 0.33712022 0.36745782 0.47053101 0.52944912 0.49134551 0.55396848 0.69972201 0.74104203 0.68373321 0.70344786 0.83437714 0.88531877 0.83120415 0.87731174 1.04188515 1.10435885 1.01424429 1.04950791 1.22749982 1.27585612 1.17241695 1.21652189 1.42794928 1.49183215 1.36502229 1.35931836 1.55738056 1.62930052 1.49403728 1.54388885 1.79203407 1.84749576 1.69146157 1.70260816 1.92825635 1.98381927 1.80825201 1.83240929 2.09280337 2.14882460 1.97540982 2.03657812 2.33473568 2.39141384 2.16787114 2.17861415 2.47687869 2.54080291 2.30386578 2.31476805 2.61847114 2.66641472 2.42784218 2.45048136 2.76632005 2.81914070 2.57714699 2.59420710 2.91165366 2.96579468 2.67334245 2.66295831 2.98336576 3.00961442 2.75239327 2.80604859 3.15011203 3.18007918 2.86198894 2.80225695 3.08630687 3.11407782 2.83231734 2.88428582 3.23521534 3.22977941 2.90555890 2.91390156 3.24575454 3.24673618 2.90786475 2.86350345 3.15008166 3.14033914 2.81195581 2.84608294 3.18994616 3.15087154 2.78876514 2.76240961 3.05689061 3.02873928 2.67577952 2.59250621 2.81848568 2.77282214 2.48746039 2.53827180 2.82384428 2.75955521 2.41474491 2.38703232 2.63945176 2.58442384 2.23591535 2.13658581 2.31426999 2.23830901 1.97285079 1.98885764 2.18575736 2.09960638 1.80526695 1.78212575 1.96612319 1.89584194 1.59897649 1.51899051 1.65690961 1.56601935 1.33190426 1.30919577 1.42272902 1.33527980 1.09530793 1.04418699 1.14108995 1.06930419 0.84481330 0.76545620 0.83268532 0.74053947 0.56465512 0.51077075 0.55081153 0.53305568
0.29051550 0.32172806 0.38631494 0.43767008 0.44995992 0.49134551 0.56805203 0.62104711 0.65451778 0.71400662 0.79538703 0.82711197 0.82227906 0.86477909 0.94991600 1.00143803 1.01321040 1.06761030 1.16890147 1.20879954 1.20194674 1.24904560 1.33511856 1.37573853 1.38245151 1.44649975 1.55544714 1.57649707 1.54092672 1.59556067 1.71100274 1.75239124 1.74822408 1.82330678 1.95719788 1.98329138 1.92421387 1.95108997 2.03898027 2.06940885 2.05848737 2.13117624 2.28548902 2.33080986 2.28375788 2.33584397 2.46266490 2.49005885 2.44292601 2.49664425 2.62073325 2.63672096 2.58623246 2.64907868 2.78748270 2.80422196 2.74100251 2.80158504 2.96870450 3.00238842 2.90661230 2.91920672 3.01139729 3.01392106 2.96302890 3.02960676 3.19687839 3.21675319 3.11206730 3.13405427 3.25977302 3.24889572 3.12108619 3.11746687 3.22852204 3.25693141 3.18924695 3.21823807 3.34784616 3.33999004 3.21395288 3.21532451 3.34119912 3.32570408 3.16391443 3.11909834 3.20763472 3.22340416 3.12172734 3.10535598 3.19683755 3.16669756 3.01876836 2.98215202 3.05263121 3.00138610 2.83398859 2.78395547 2.86911727 2.87755840 2.75734001 2.71129173 2.77857004 2.74703842 2.59050123 2.51776306 2.54256873 2.47365110 2.30401950 2.23434462 2.28937875 2.27015257 2.12794949 2.05007725 2.07667399 2.04457945 1.91110129 1.82625580 1.81751584 1.75164896 1.60951353 1.53966198 1.56025312 1.50885897 1.36466952 1.27885207 1.27027984 1.21563729 1.08871125 0.99865044 0.96108704 0.88862151 0.76545620 0.69254841 0.66769995 0.58888593 0.48830760 0.43815208
0.30575492 0.30909661 0.39704964 0.52867803 0.56839739 0.55396848 0.62104711 0.73305504 0.75974156 0.75837982 0.86713691 0.99650962 1.01007041 0.98950909 1.06401139 1.17343138 1.19504291 1.18832000 1.29390417 1.41629875 1.41195156 1.39026972 1.48740633 1.59878166 1.59492632 1.57990685 1.70842295 1.85813062 1.85774983 1.82235473 1.92061019 2.05163473 2.05398849 2.04704743 2.19662808 2.31588305 2.26091560 2.21468721 2.30084951 2.40976488 2.41346025 2.42052234 2.57480331 2.69275696 2.64067574 2.61295366 2.75604107 2.87801421 2.82715245 2.79547338 2.93677919 3.06395111 3.02212873 3.00132128 3.15297639 3.27952468 3.23723942 3.22640353 3.38412976 3.46348037 3.35332891 3.30023484 3.40667025 3.50440607 3.47604580 3.49108223 3.65515290 3.71191053 3.59643324 3.57239613 3.71154760 3.77431576 3.67592015 3.64722579 3.72644570 3.72294396 3.63486907 3.66168178 3.82352818 3.84946537 3.72680498 3.72801134 3.84998203 3.83037868 3.68524237 3.67437565 3.73163739 3.63886281 3.49886724 3.53137407 3.65760314 3.60483680 3.44114136 3.43803031 3.51541235 3.45781482 3.33477176 3.34831131 3.37528988 3.22860013 3.07989368 3.12652030 3.21615091 3.09116308 2.90281435 2.90793429 2.94359815 2.82347922 2.69415765 2.72179276 2.71660066 2.52519117 2.37020508 2.41254044 2.43976670 2.26235677 2.08644266 2.10712933 2.11808823 1.96562467 1.84183624 1.87669678 1.85825379 1.66383103 1.51621671 1.54411791 1.52331293 1.32576959 1.16754049 1.18026593 1.14364595 0.96108704 0.84481330 0.86694848 0.80854598 0.60803418 0.47770316 0.47884680
0.39813055 0.38564692 0.39126922 0.53854649 0.68962313 0.69972201 0.65451778 0.75974156 0.92196851 0.90771756 0.87696577 1.04101463 1.22454887 1.21628674 1.12539116 1.22785397 1.41862019 1.42397914 1.33800279 1.46224993 1.68198772 1.66670275 1.55094178 1.66671597 1.88237112 1.86716549 1.75776969 1.93523198 2.21482618 2.20496305 2.02649542 2.15549467 2.46233549 2.44709547 2.26693453 2.39024275 2.67412257 2.65454663 2.44006745 2.55555507 2.87521309 2.86772520 2.66259217 2.79271621 3.12622662 3.11209167 2.86874859 2.98516501 3.33042823 3.31242651 3.06168165 3.21032272 3.59086562 3.55967035 3.29361277 3.46258905 3.88173659 3.86929210 3.54028572 3.57594250 3.92633515 3.91551453 3.60066746 3.72261011 4.15077527 4.12967913 3.79788862 3.87759106 4.27160247 4.25618408 3.89680260 3.95009152 4.35992967 4.36518259 3.95503318 3.92280387 4.29967017 4.29706575 3.96019893 4.04166209 4.46290246 4.46000861 4.03642200 3.99819990 4.39803849 4.42116430 3.95039440 3.80493962 4.13555321 4.14551277 3.77987941 3.75134959 4.09254894 4.08825413 3.68591447 3.64667159 4.01505535 4.03093124 3.57028989 3.37975068 3.66618304 3.69690655 3.32397783 3.19343959 3.45520844 3.46568735 3.07886247 2.97899465 3.27195390 3.28542025 2.86353208 2.63474457 2.84438231 2.87845271 2.53687744 2.32553451 2.48439437 2.51136046 2.19590901 2.06799408 2.25866956 2.26308431 1.93230519 1.72539697 1.86042957 1.88088272 1.58866402 1.34939797 1.42035763 1.44300372 1.18026593 0.99865044 1.06930419 1.06235398 0.82234835 0.60903967 0.62420007 0.64836794
0.42225294 0.43490236 0.42430914 0.51747010 0.67777109 0.74104203 0.71400662 0.75837982 0.90771756 0.97912064 0.92489287 1.02580525 1.24081931 1.29424972 1.20433263 1.24034145 1.43242498 1.49541363 1.40198808 1.45929435 1.68893037 1.76630951 1.63394661 1.67234811 1.90817493 1.96827469 1.84301914 1.93589972 2.23526745 2.31561559 2.15144885 2.19243020 2.49497013 2.58012288 2.35212762 2.38556564 2.72172535 2.78836342 2.58222338 2.62536903 2.93669241 2.99153151 2.75289753 2.81690360 3.19069404 3.26509101 2.98800244 3.00926563 3.38921639 3.46371384 3.19804673 3.25719198 3.66066394 3.73023986 3.43760049 3.53508424 3.99591280 4.05792628 3.66342587 3.60977144 4.01419899 4.07773954 3.77809076 3.83935021 4.25815419 4.29640428 3.90797000 3.94899492 4.41385256 4.45028087 4.04014754 4.03971621 4.49067144 4.52073714 4.11101017 4.06560960 4.44229630 4.44218388 4.04868409 4.14946955 4.64373998 4.63453642 4.14719890 4.11968586 4.57081228 4.55260535 4.06642049 3.95947422 4.29763849 4.26169477 3.83235478 3.85252437 4.26188284 4.21761931 3.78858686 3.79616420 4.18515702 4.12821116 3.65162588 3.54873552 3.84773602 3.77635832 3.33576854 3.29853573 3.62366298 3.54042236 3.14176979 3.13146470 3.42789733 3.33729595 2.90257331 2.78996403 3.00749291 2.92121169 2.52706377 2.43295765 2.63627390 2.52720984 2.20800002 2.19455267 2.38413668 2.27635934 1.92777124 1.84014771 1.98743133 1.89676833 1.56722876 1.43544058 1.53237913 1.42035763 1.16754049 1.08871125 1.14108995 1.03646878 0.79042419 0.67444203 0.71035313 0.68941225
0.37325148 0.40411652 0.47893953 0.56601571 0.61866138 0.68373321 0.79538703 0.86713691 0.87696577 0.92489287 1.03044571 1.11423845 1.16089431 1.23567715 1.35254927 1.40277776 1.38880236 1.43208451 1.53568886 1.60195390 1.61484566 1.67765314 1.79068476 1.83369290 1.83395372 1.90560608 2.04055531 2.11968857 2.13918241 2.22896653 2.40724969 2.46739232 2.40830006 2.44565223 2.54874178 2.58649979 2.59598134 2.70405914 2.90636620 2.95655107 2.86860632 2.89608161 3.02368778 3.08136435 3.06002694 3.12331125 3.25808144 3.28664551 3.25102298 3.33999351 3.53717911 3.60122705 3.54781025 3.62710894 3.84357836 3.92054289 3.84683060 3.88522146 4.00153321 3.98823017 3.91107045 4.00028574 4.24310641 4.29198411 4.14755533 4.15747689 4.30643704 4.34498568 4.27226718 4.32084495 4.48468590 4.48607501 4.35500992 4.39024220 4.57857194 4.56502958 4.36611579 4.33954440 4.48950629 4.54570906 4.45341537 4.46074979 4.60234615 4.58080825 4.40111691 4.38060766 4.50931096 4.44077553 4.19737663 4.11685095 4.17540237 4.17577340 4.08589265 4.09459408 4.24655921 4.22742125 4.02775899 3.97259658 4.06889306 3.99208553 3.73616455 3.61364673 3.61673637 3.57691871 3.45696682 3.42690439 3.53322015 3.48895777 3.28026072 3.19472953 3.23843379 3.14550408 2.90793913 2.77322275 2.73960634 2.66473395 2.51471801 2.44307429 2.48321850 2.42414069 2.24751947 2.15390092 2.15176470 2.06426179 1.88413346 1.77344612 1.72212398 1.60586196 1.43544058 1.34939797 1.32576959 1.21563729 1.04418699 0.94641153 0.88717852 0.76760572 0.64494260 0.58945985
0.40166721 0.40843801 0.50356452 0.64742738 0.69785824 0.70344786 0.82711197 0.99650962 1.04101463 1.02580525 1.11423845 1.24947126 1.28107375 1.28959851 1.44071013 1.59551144 1.59264190 1.56369526 1.65875190 1.78412866 1.79428141 1.78037172 1.89877896 2.04449608 2.05714429 2.05391773 2.20653247 2.38075897 2.40266784 2.41177965 2.60105474 2.75593784 2.69648455 2.63483820 2.73267452 2.87930177 2.90580854 2.93337357 3.15564636 3.31883347 3.25108488 3.20573778 3.31833105 3.40020691 3.33254038 3.31001654 3.47718661 3.63266658 3.61011105 3.61026736 3.82801738 4.02912731 4.01066286 4.01336738 4.22103347 4.32053645 4.17885081 4.12722879 4.31878796 4.50156013 4.47756795 4.48181525 4.67817820 4.76645101 4.63935220 4.60202182 4.74845494 4.80911631 4.69724002 4.70011014 4.91493004 5.00641698 4.88627855 4.87864411 5.05064881 5.09148339 4.95074274 4.93328874 5.02843992 4.95976189 4.79376607 4.83359485 5.04877190 5.04625489 4.85296858 4.84688247 4.97713840 4.89584736 4.65990688 4.60503596 4.62717187 4.54126482 4.44247214 4.52284551 4.70836131 4.64221130 4.43763859 4.45348593 4.54184446 4.35884628 4.07697881 4.03021478 4.01456081 3.86356645 3.74954598 3.83117886 3.94495713 3.79659682 3.58422478 3.60715806 3.64400027 3.40944474 3.13501162 3.10187826 3.06038701 2.86873189 2.74207532 2.79970325 2.80928752 2.58376179 2.39024198 2.42624928 2.43017844 2.19924386 1.98235361 1.98379602 1.94327724 1.72212398 1.56722876 1.58866402 1.52331293 1.27027984 1.09530793 1.10358828 1.03177558 0.78744129 0.61854957 0.60562721
0.52548792 0.50266817 0.50810661 0.66387366 0.82709656 0.83437714 0.82227906 1.01007041 1.22454887 1.24081931 1.16089431 1.28107375 1.49965030 1.49266570 1.43514742 1.62179046 1.85963260 1.85275207 1.72093337 1.82545448 2.05696683 2.05805731 1.93856179 2.09755123 2.38736670 2.38095500 2.26029685 2.46955420 2.80462049 2.80814645 2.63045286 2.77662269 3.10347062 3.09252318 2.84338572 2.99724802 3.40252913 3.39787722 3.18380672 3.37969659 3.78096902 3.76778839 3.45407342 3.48038376 3.80482977 3.78993152 3.54335323 3.73812684 4.17832231 4.17129521 3.90639715 4.15813136 4.68677042 4.69323584 4.31764227 4.35908719 4.76831942 4.74040424 4.42676179 4.69959681 5.26812889 5.24154923 4.79317215 4.86447135 5.37146654 5.37661273 4.92595973 4.94555424 5.42284088 5.41727825 5.01555889 5.16991964 5.71396540 5.69159851 5.18724322 5.23672733 5.79241973 5.81217703 5.23997144 5.08582175 5.52752881 5.55335613 5.10349811 5.15731873 5.66341219 5.64788822 5.09787346 4.98629505 5.40355256 5.38980618 4.84218793 4.73095029 5.17462554 5.20782241 4.76560658 4.75656761 5.21392469 5.22115049 4.65308983 4.40824365 4.72165638 4.71619062 4.18895876 4.02775830 4.39661855 4.42409579 3.98820490 3.87934165 4.22773425 4.24069933 3.73537756 3.43521700 3.63972628 3.64373967 3.18590895 2.98965343 3.24525724 3.26072782 2.85677957 2.63049139 2.82268951 2.84029556 2.46505709 2.20191329 2.32563019 2.33829159 1.98379602 1.77344612 1.89676833 1.88088272 1.54411791 1.27885207 1.33527980 1.32972609 1.04837936 0.77021616 0.75299937 0.78853544
0.55050040 0.57106130 0.54922435 0.65059205 0.82415134 0.88531877 0.86477909 0.98950909 1.21628674 1.29424972 1.23567715 1.28959851 1.49266570 1.57333093 1.47804869 1.59342615 1.87691113 1.94600531 1.81231125 1.83438153 2.06641568 2.13923307 2.02556246 2.11078113 2.40023799 2.48901137 2.35577308 2.49642418 2.85538030 2.92429552 2.69732820 2.75340532 3.12521696 3.21648340 3.00643630 3.07060916 3.44406271 3.52705972 3.26154989 3.37438320 3.84076885 3.92587390 3.59110738 3.52430831 3.86279736 3.92868619 3.66703207 3.78509231 4.24573348 4.32352999 4.03947296 4.21539505 4.77598176 4.86110337 4.41601961 4.35867995 4.83142952 4.91635464 4.59696687 4.78773153 5.37344741 5.41837639 4.92082244 4.92012754 5.47885273 5.55590884 5.08172564 5.04362347 5.54351906 5.58101893 5.13253350 5.25769030 5.85903035 5.86793763 5.32178031 5.34812651 5.94354338 5.97155049 5.37352081 5.23973937 5.70014421 5.67011430 5.14710505 5.24199303 5.83014178 5.80445962 5.19218108 5.07997706 5.55025436 5.53387776 5.01012868 4.94790629 5.36571078 5.29655990 4.78784161 4.87822059 5.41134082 5.33965181 4.69544773 4.50637442 4.87811594 4.80858309 4.31078044 4.24368958 4.57664177 4.46732257 3.98070364 4.00534202 4.41133915 4.31827183 3.74188602 3.53176828 3.79086390 3.68656611 3.25779112 3.17354428 3.39042305 3.26510465 2.83746817 2.75702679 2.97160365 2.85729114 2.42593611 2.28309816 2.45193087 2.32563019 1.98235361 1.88413346 1.98743133 1.86042957 1.51621671 1.36466952 1.42272902 1.31601258 1.01148539 0.82662723 0.85620429 0.82356201
0.47154031 0.51266990 0.61476181 0.71940870 0.76939323 0.83120415 0.94991600 1.06401139 1.12539116 1.20433263 1.35254927 1.44071013 1.43514742 1.47804869 1.58455719 1.67622040 1.74025283 1.83779220 1.98240393 2.03245325 2.00542475 2.06314663 2.20887213 2.30534094 2.32105877 2.40096986 2.60018732 2.72292711 2.71810686 2.76865313 2.88933148 2.95443659 2.97225130 3.08949735 3.33582209 3.41610338 3.32068740 3.35545382 3.52140653 3.62181272 3.63054502 3.72570739 3.89927833 3.89362644 3.77658046 3.82568012 4.01231739 4.10709763 4.08597915 4.17800826 4.44712773 4.58233263 4.51647086 4.55176822 4.66991530 4.67659237 4.63579077 4.76548022 5.08338821 5.20461786 5.10032543 5.14798218 5.33802530 5.36172914 5.24621645 5.30426083 5.52497745 5.53808173 5.36123686 5.38353978 5.60554694 5.67530349 5.56444322 5.60857505 5.83005212 5.84974439 5.66671006 5.66631890 5.85234954 5.79252511 5.50127022 5.42037111 5.53263077 5.56876860 5.47493808 5.49115935 5.62618769 5.55125135 5.34184471 5.35233532 5.56194793 5.51147502 5.20381522 5.10081651 5.22049865 5.24524490 5.08278548 5.01951240 5.05847521 4.91809440 4.67942115 4.64964520 4.80494469 4.72472376 4.41240776 4.28214125 4.34191038 4.31849162 4.13805249 4.04016807 4.02202750 3.86017662 3.62335327 3.56188310 3.64221832 3.52943722 3.24349478 3.10730664 3.10582064 3.00836429 2.78892635 2.64828170 2.57956148 2.45713623 2.28309816 2.20191329 2.19924386 2.06426179 1.84014771 1.72539697 1.66383103 1.50885897 1.30919577 1.19388815 1.09471524 0.92046380 0.76456944 0.70375484
0.50034237 0.50808507 0.63051958 0.81495620 0.87394595 0.87731174 1.00143803 1.17343138 1.22785397 1.24034145 1.40277776 1.59551144 1.62179046 1.59342615 1.67622040 1.80351408 1.83300660 1.85546345 2.06183093 2.27456859 2.28270269 2.25340817 2.37759532 2.55853154 2.60706837 2.62132540 2.80242557 2.95726589 2.91420771 2.88781458 3.05202019 3.24647726 3.28002967 3.30879770 3.55049435 3.74292217 3.68111648 3.62750605 3.77403348 3.92045764 3.87897346 3.86980950 4.11451154 4.32660677 4.27512767 4.23000636 4.36819220 4.51278786 4.50755145 4.54279610 4.80218501 4.91713012 4.74735290 4.67754590 4.87239518 5.10948852 5.15166803 5.20293154 5.48034981 5.61371707 5.46985929 5.44991663 5.70397854 5.84559811 5.70991379 5.68299305 5.91945601 6.05572578 5.94242138 5.92401285 6.08840309 6.11306462 5.96904878 6.00697825 6.28431069 6.33575721 6.11987072 6.10651858 6.30946916 6.28217548 6.02869338 5.96498475 6.00263363 5.87131538 5.68527666 5.73827342 6.00519497 6.06700276 5.90480156 5.92765267 6.08988742 5.99100575 5.73884123 5.72543549 5.76606570 5.52361940 5.23674079 5.25800102 5.41325522 5.34615600 5.16458905 5.20213375 5.29553538 5.09860834 4.82715729 4.82493804 4.82192745 4.52332014 4.22845399 4.24501956 4.32281981 4.17236587 3.98587205 4.02138621 4.03835962 3.77669459 3.51622446 3.51966753 3.47179835 3.13492949 2.83858412 2.82381020 2.79162449 2.57956148 2.42593611 2.46505709 2.43017844 2.15176470 1.92777124 1.93230519 1.85825379 1.56025312 1.33190426 1.31762715 1.22247212 0.94900109 0.77457437 0.76782643
0.62390307 0.61705483 0.62456890 0.81959757 1.03554913 1.04188515 1.01321040 1.19504291 1.41862019 1.43242498 1.38880236 1.59264190 1.85963260 1.87691113 1.74025283 1.83300660 2.08009864 2.07834392 2.03201397 2.31484555 2.64322523 2.63119725 2.45871527 2.63897873 3.00544048 3.03755219 2.84861349 2.96467794 3.29647238 3.28984415 3.10498383 3.35047635 3.78425164 3.78445987 3.54251731 3.74760685 4.20691276 4.21536257 3.88246848 3.97085907 4.39644296 4.38317886 4.13173580 4.41910354 4.94136312 4.91299435 4.52131457 4.65744564 5.19280571 5.22462100 4.85286769 4.89487583 5.31474093 5.28993956 4.95326917 5.28519369 5.96168795 5.97486209 5.52690007 5.65033227 6.23239327 6.22428493 5.77348346 5.93422775 6.54201084 6.52568735 6.00653822 6.16922621 6.84552361 6.84721495 6.23392645 6.22454819 6.84244186 6.85899948 6.32355252 6.40638855 7.04398149 7.04570729 6.38921102 6.34097589 6.93077498 6.91609670 6.19911149 5.95986610 6.42742808 6.44664439 6.01317480 6.21811466 6.87658959 6.86183134 6.17483168 6.07159599 6.65570333 6.67755749 5.93105515 5.55004555 5.91236695 5.92344166 5.43112421 5.49007055 6.04577481 6.02963537 5.36252545 5.15808550 5.61640108 5.63637739 4.95902335 4.52953573 4.77756928 4.79480413 4.33636962 4.28442984 4.68417830 4.66270882 4.08353997 3.81371661 4.11273582 4.12377539 3.55996779 3.11476310 3.22334162 3.22848779 2.82381020 2.64828170 2.85729114 2.84029556 2.42624928 2.15390092 2.27635934 2.26308431 1.87669678 1.53966198 1.56601935 1.55394384 1.22794449 0.95385426 0.96151721 0.97160475
0.64730096 0.66669928 0.66453367 0.80025096 1.01680514 1.10435885 1.06761030 1.18832000 1.42397914 1.49541363 1.43208451 1.56369526 1.85275207 1.94600531 1.83779220 1.85546345 2.07834392 2.16571043 2.08010837 2.28499829 2.66331727 2.74130556 2.57734425 2.67808527 3.03985125 3.13040071 2.91681126 2.95885125 3.31352268 3.40687086 3.22213275 3.39395951 3.83285783 3.89397301 3.60556511 3.72414774 4.23320420 4.35223083 4.02456146 4.00204519 4.42662068 4.53040022 4.24394300 4.42480219 4.99465763 5.07744811 4.69576278 4.75948788 5.29220374 5.37532589 4.91548545 4.87199928 5.37290460 5.46392613 5.15234146 5.39788511 6.05515734 6.12207323 5.62362138 5.68381291 6.32772640 6.41648897 5.89974198 5.97925952 6.65605408 6.70968274 6.16175737 6.25356228 6.95197660 7.00153333 6.38703939 6.36285242 6.99333943 7.01872345 6.38773079 6.47894671 7.21847845 7.20968120 6.49864172 6.43138796 7.06371259 7.07417677 6.36490258 6.13834510 6.59611657 6.56870882 6.07250768 6.32966609 7.06050175 6.99435059 6.25800960 6.20675016 6.83100109 6.78524394 6.00231213 5.69481528 6.08212766 5.99831876 5.47574226 5.63327018 6.22457187 6.10995035 5.40355415 5.30075977 5.79320035 5.71229912 4.98877799 4.66522884 4.94540192 4.82401348 4.35323792 4.42364434 4.83518319 4.69561327 4.08919667 3.94575492 4.26737514 4.15844144 3.54930620 3.22017209 3.36077237 3.22334162 2.83858412 2.78892635 2.97160365 2.82268951 2.39024198 2.24751947 2.38413668 2.25866956 1.84183624 1.60951353 1.65690961 1.52160327 1.20607051 1.02469923 1.03626022 1.00393874
0.56218487 0.60558748 0.72562352 0.86739098 0.93768424 1.01424429 1.16890147 1.29390417 1.33800279 1.40198808 1.53568886 1.65875190 1.72093337 1.81231125 1.98240393 2.06183093 2.03201397 2.08010837 2.23833757 2.39454249 2.48581890 2.60705866 2.82818467 2.93926558 2.90344025 2.94563288 3.09047435 3.17687075 3.17869784 3.27450973 3.52533031 3.65902636 3.62163089 3.67122599 3.83755169 3.95094887 3.97427818 4.08440524 4.31363090 4.36575308 4.26674778 4.33940661 4.58165407 4.71544695 4.71153813 4.83601155 5.13209120 5.21621284 5.06495630 5.05934100 5.16666525 5.18923230 5.16345563 5.30730222 5.67901087 5.84082917 5.72356754 5.76396179 6.00111209 6.09685190 6.01004080 6.07744292 6.33019359 6.40754895 6.30358638 6.39001869 6.68325216 6.74339931 6.57350432 6.62310898 6.91010335 6.93633861 6.68178184 6.64396816 6.84310983 6.90070088 6.75999430 6.79039474 6.99763715 6.94068160 6.68772771 6.68766141 6.87305679 6.75937670 6.42575438 6.36862005 6.59610039 6.70825811 6.57503811 6.57097088 6.76327874 6.70395524 6.40850464 6.32909303 6.40369855 6.21744097 5.86858898 5.78991936 5.96677676 5.99402481 5.78760887 5.72570754 5.83888728 5.73426588 5.43165296 5.31372988 5.31332067 5.09529927 4.75674935 4.65436092 4.75192145 4.70747091 4.48015340 4.38453419 4.41960262 4.27500754 3.98505989 3.84418332 3.76645202 3.52119134 3.22017209 3.11476310 3.13492949 3.00836429 2.75702679 2.63049139 2.58376179 2.42414069 2.19455267 2.06799408 1.96562467 1.75164896 1.51899051 1.41347447 1.32782203 1.12029957 0.92937059 0.85899921
0.60377500 0.61270651 0.74627416 0.95423135 1.03598901 1.04950791 1.20879954 1.41629875 1.46224993 1.45929435 1.60195390 1.78412866 1.82545448 1.83438153 2.03245325 2.27456859 2.31484555 2.28499829 2.39454249 2.57117316 2.63265997 2.68508904 2.95884194 3.17982625 3.13223695 3.08624061 3.23963179 3.45336302 3.50882942 3.53476231 3.74709962 3.90864023 3.84750670 3.82663930 4.02931476 4.21763920 4.19124714 4.19159756 4.47595686 4.75357547 4.73418280 4.69399058 4.87728711 5.06756545 5.05932980 5.10028699 5.42754900 5.58357284 5.37915527 5.27073778 5.42528151 5.64505732 5.69564639 5.76203362 6.07033674 6.21453670 6.05674993 6.03030602 6.31072472 6.50752908 6.40519711 6.39385823 6.67884675 6.86211554 6.76248838 6.78400394 7.09345842 7.23010661 7.06576682 7.07034736 7.35605166 7.42161269 7.18636772 7.14815424 7.31657642 7.27160251 7.05299168 7.08874345 7.37957323 7.39625770 7.12378993 7.08969430 7.30796076 7.34203065 7.14521377 7.12734521 7.19954771 7.01326126 6.77514406 6.86542080 7.15493567 7.05293073 6.68536019 6.64043909 6.77708679 6.69468707 6.47687480 6.48563983 6.51834268 6.23996980 5.95616124 6.02884693 6.21534511 6.00421291 5.62292648 5.58298610 5.64355866 5.46450119 5.23329506 5.24459883 5.21126029 4.87000404 4.58544031 4.64299427 4.72788087 4.44142637 4.07953838 4.04022711 4.01577750 3.76645202 3.54930620 3.55996779 3.47179835 3.10582064 2.83746817 2.85677957 2.80928752 2.48321850 2.20800002 2.19590901 2.11808823 1.81751584 1.59897649 1.59037110 1.46789694 1.13460280 0.91518112 0.89737984
0.75564419 0.74624352 0.74756556 0.95752912 1.19705579 1.22749982 1.20194674 1.41195156 1.68198772 1.68893037 1.61484566 1.79428141 2.05696683 2.06641568 2.00542475 2.28270269 2.64322523 2.66331727 2.48581890 2.63265997 2.99146060 3.01304635 2.90134221 3.15385231 3.53308595 3.52802035 3.30535781 3.53604814 4.00650705 4.03464232 3.76605307 3.90348701 4.33732113 4.33931277 4.06665668 4.24712805 4.70524840 4.70775833 4.45938517 4.79712966 5.39998351 5.39886465 4.97899799 5.15307693 5.76955522 5.79105172 5.39240514 5.50414722 6.00376295 5.97267399 5.56068781 5.83857216 6.53430964 6.54871094 6.06670461 6.19349404 6.82130941 6.83133830 6.34668327 6.53207303 7.22585448 7.24442426 6.72568926 6.94729473 7.70455029 7.69539439 7.10785114 7.30220272 8.09334593 8.09850039 7.39881438 7.42772385 8.17937730 8.20875528 7.43458456 7.31549099 7.97050224 7.96439058 7.33080260 7.40468159 8.09700723 8.06637555 7.36705496 7.45448544 8.24067892 8.25315571 7.37502017 7.07359898 7.66142451 7.70194157 7.05568520 6.98774169 7.57108765 7.53888184 6.81619130 6.80504145 7.50135434 7.50016512 6.64090047 6.27209108 6.75999113 6.79228105 6.14776859 5.93248360 6.36389614 6.34251655 5.67561257 5.55885753 6.07960679 6.06160027 5.30054030 4.88736077 5.22057790 5.24216266 4.67467823 4.36613057 4.61729082 4.59471618 4.04022711 3.84418332 4.15844144 4.12377539 3.51966753 3.10730664 3.26510465 3.26072782 2.79970325 2.44307429 2.52720984 2.51136046 2.10712933 1.82625580 1.89584194 1.84604966 1.46097113 1.11518139 1.10211364 1.11758914
