%% MATLAB script to plot scalar flux in a tiled layout
% Generated by the C++ transport code

clear all; close all; clc;

% Mesh Coordinates
x = [0.018875 0.056625 0.094375 0.132125 0.63 1.26 1.89 2.52 3.15 3.78 4.41 5.04 5.67 6.3 6.93 7.56 8.19 8.82 9.45 10.08 10.71 11.34 11.97 12.6 13.23 13.86 14.49 15.12 15.75 16.38 17.01 17.64 18.27 18.9 19.53 20.16 20.79 21.42 22.05 22.68 23.31 23.94 24.57 25.2 25.83 26.46 27.09 27.72 28.35 28.98 29.61 30.24 30.87 31.5 32.13 32.76 33.39 34.02 34.65 35.28 35.91 36.54 37.17 37.8 38.43 39.06 39.69 40.32 40.95 41.58 42.21 42.7079 42.7456 42.7834 42.8211 ];
y = [0.018875 0.056625 0.094375 0.132125 0.63 1.26 1.89 2.52 3.15 3.78 4.41 5.04 5.67 6.3 6.93 7.56 8.19 8.82 9.45 10.08 10.71 11.34 11.97 12.6 13.23 13.86 14.49 15.12 15.75 16.38 17.01 17.64 18.27 18.9 19.53 20.16 20.79 21.42 22.05 22.68 23.31 23.94 24.57 25.2 25.83 26.46 27.09 27.72 28.35 28.98 29.61 30.24 30.87 31.5 32.13 32.76 33.39 34.02 34.65 35.28 35.91 36.54 37.17 37.8 38.43 39.06 39.69 40.32 40.95 41.58 42.21 42.7079 42.7456 42.7834 42.8211 ];

[X, Y] = meshgrid(x, y);

figure('Name', 'Scalar Flux Distribution', 'NumberTitle', 'off');
t = tiledlayout(1, 2, 'TileSpacing', 'compact');

% --- Data and Plot for Group 1 ---
flux_g1 = [
0.204804 0.194948 0.223291 0.198111 0.27031 0.34377 0.402057 0.465771 0.51496 0.567632 0.619642 0.666999 0.706032 0.764375 0.795654 0.828445 0.872031 0.925985 0.951447 0.986009 1.01607 1.04684 1.08849 1.13748 1.15459 1.17445 1.22328 1.26214 1.28699 1.32983 1.36196 1.38584 1.42252 1.46514 1.48308 1.51783 1.54293 1.57191 1.58142 1.59099 1.59989 1.62468 1.62275 1.61822 1.63149 1.63238 1.61266 1.61482 1.59895 1.56605 1.55841 1.55397 1.51061 1.46998 1.44374 1.40146 1.36887 1.34024 1.27377 1.21748 1.17125 1.11802 1.03871 0.987052 0.90999 0.828928 0.749316 0.673817 0.580006 0.493153 0.389749 0.312318 0.295379 0.270191 0.317195 ;
0.194948 0.206127 0.203192 0.231273 0.278205 0.356554 0.413344 0.480182 0.531334 0.5822 0.639241 0.6853 0.727727 0.780993 0.821452 0.849774 0.899191 0.953161 0.976733 1.00761 1.05323 1.07159 1.11757 1.16825 1.19025 1.20929 1.2587 1.29445 1.32573 1.36436 1.40331 1.42279 1.4651 1.50057 1.5288 1.55044 1.59005 1.62163 1.62822 1.62482 1.65124 1.66675 1.66973 1.66411 1.67809 1.67937 1.66414 1.65918 1.64271 1.60974 1.60803 1.59976 1.55384 1.51044 1.48726 1.43725 1.40856 1.37916 1.31557 1.24616 1.20597 1.14432 1.0734 1.0137 0.937459 0.845223 0.774588 0.688056 0.597674 0.506046 0.402079 0.315077 0.283156 0.32906 0.270191 ;
0.223291 0.203192 0.21314 0.202636 0.288246 0.364772 0.425508 0.493296 0.547302 0.601072 0.656392 0.708522 0.749449 0.800884 0.842504 0.883474 0.927072 0.969578 1.00317 1.03986 1.0829 1.11306 1.1469 1.19184 1.22376 1.25889 1.29088 1.32877 1.36353 1.40579 1.44037 1.4699 1.50603 1.54453 1.56797 1.60722 1.63193 1.67297 1.67128 1.6821 1.69693 1.71372 1.71494 1.7206 1.72072 1.72986 1.71514 1.70942 1.68115 1.67234 1.65471 1.64048 1.597 1.56478 1.52358 1.48815 1.44718 1.41447 1.3554 1.29386 1.23362 1.18135 1.10723 1.0478 0.959364 0.879301 0.794942 0.712716 0.613203 0.521005 0.415265 0.288115 0.335525 0.283156 0.295379 ;
0.198111 0.231273 0.202636 0.232002 0.294474 0.377076 0.438854 0.50128 0.564589 0.617507 0.673744 0.730427 0.772188 0.815124 0.86491 0.917213 0.954262 0.983447 1.03083 1.07166 1.11116 1.15146 1.18022 1.20624 1.2576 1.29929 1.32792 1.35763 1.39977 1.44612 1.47904 1.5076 1.55085 1.57443 1.61125 1.64993 1.68077 1.68881 1.72169 1.73624 1.74251 1.74728 1.76652 1.75596 1.76933 1.77002 1.76576 1.74211 1.73028 1.71856 1.7012 1.67282 1.64398 1.59962 1.56792 1.51997 1.48966 1.44187 1.39454 1.33375 1.26769 1.20519 1.14235 1.07277 0.984905 0.900992 0.819322 0.726212 0.630635 0.540376 0.424277 0.358069 0.288115 0.315077 0.312318 ;
0.27031 0.278205 0.288246 0.294474 0.384078 0.496098 0.587407 0.675492 0.75518 0.832669 0.906348 0.973723 1.03642 1.10025 1.16251 1.21572 1.27314 1.33386 1.38115 1.43418 1.48719 1.53313 1.58249 1.63339 1.67468 1.72232 1.77976 1.82629 1.87306 1.92652 1.98115 2.0286 2.07683 2.12589 2.16788 2.2061 2.2384 2.27985 2.30129 2.32406 2.34663 2.36274 2.37009 2.37855 2.37632 2.37133 2.36089 2.35325 2.33852 2.30707 2.27618 2.24793 2.20393 2.16552 2.11824 2.06288 1.99957 1.94032 1.86595 1.79278 1.71735 1.62683 1.53024 1.4339 1.3268 1.21941 1.09927 0.977824 0.848377 0.712341 0.555266 0.424277 0.415265 0.402079 0.389749 ;
0.34377 0.356554 0.364772 0.377076 0.496098 0.634233 0.759323 0.873259 0.978713 1.07854 1.17444 1.26026 1.34469 1.43441 1.50422 1.57749 1.64947 1.72687 1.79297 1.8629 1.9275 1.98559 2.04904 2.11325 2.16977 2.22993 2.29957 2.37026 2.42788 2.49493 2.56463 2.63235 2.69567 2.7579 2.81274 2.85665 2.90883 2.96008 2.98686 3.00451 3.0457 3.07532 3.08294 3.0999 3.08861 3.07389 3.07166 3.0657 3.03356 3.0025 2.96191 2.90866 2.87045 2.82829 2.75892 2.69855 2.60577 2.51438 2.42864 2.33715 2.22874 2.1224 1.99279 1.85724 1.72779 1.58897 1.42753 1.27292 1.09621 0.91112 0.712341 0.540376 0.521005 0.506046 0.493153 ;
0.402057 0.413344 0.425508 0.438854 0.587407 0.759323 0.903082 1.04137 1.16138 1.27962 1.38603 1.49069 1.57498 1.66802 1.75643 1.83731 1.93585 2.03564 2.10778 2.18012 2.26206 2.32735 2.40717 2.49295 2.54989 2.60991 2.69395 2.76911 2.85339 2.95219 3.03934 3.12183 3.20268 3.28363 3.34984 3.41548 3.47497 3.52506 3.57171 3.60638 3.63038 3.66162 3.67115 3.68065 3.68163 3.6718 3.64273 3.61959 3.58853 3.55324 3.5164 3.47597 3.40483 3.33055 3.25937 3.17802 3.09166 3.00198 2.88034 2.75703 2.6341 2.50588 2.36299 2.2209 2.05854 1.88513 1.70063 1.51447 1.3041 1.09621 0.848377 0.630635 0.613203 0.597674 0.580006 ;
0.465771 0.480182 0.493296 0.50128 0.675492 0.873259 1.04137 1.2043 1.34367 1.48322 1.5974 1.71155 1.8029 1.8851 1.96802 2.06382 2.20713 2.33667 2.41195 2.47069 2.53853 2.63373 2.75585 2.86464 2.91561 2.95451 3.03225 3.13673 3.27332 3.3997 3.5052 3.61358 3.70513 3.80502 3.87993 3.95085 4.0236 4.09055 4.13783 4.18389 4.21584 4.24798 4.25936 4.26834 4.26293 4.25345 4.20919 4.13998 4.08277 4.07057 4.05786 4.02332 3.92422 3.79815 3.69869 3.62824 3.56498 3.47392 3.31969 3.14889 2.99119 2.86695 2.72985 2.57382 2.38275 2.18983 1.97499 1.7558 1.51447 1.27292 0.977824 0.726212 0.712716 0.688056 0.673817 ;
0.51496 0.531334 0.547302 0.564589 0.75518 0.978713 1.16138 1.34367 1.49162 1.63606 1.7694 1.88835 1.9892 2.05496 2.12584 2.26664 2.45284 2.60097 2.68322 2.7199 2.76182 2.90055 3.06708 3.18862 3.23624 3.24146 3.29126 3.44009 3.63696 3.78178 3.90855 4.01867 4.14372 4.26745 4.3579 4.45375 4.5339 4.60626 4.66358 4.71844 4.74761 4.78573 4.79242 4.78428 4.78994 4.77624 4.73483 4.61288 4.49769 4.53413 4.5789 4.54926 4.43382 4.2443 4.08211 4.05326 4.02668 3.9271 3.75137 3.5072 3.28927 3.18862 3.06219 2.87788 2.67096 2.4482 2.21767 1.97499 1.70063 1.42753 1.09927 0.819322 0.794942 0.774588 0.749316 ;
0.567632 0.5822 0.601072 0.617507 0.832669 1.07854 1.27962 1.48322 1.63606 1.76675 1.8915 2.03508 2.15746 2.22898 2.31848 2.47256 2.68895 2.86951 2.9433 2.99442 3.06787 3.20138 3.37105 3.514 3.54246 3.51583 3.59178 3.76314 3.97888 4.12241 4.22395 4.37323 4.56948 4.73924 4.83309 4.93978 5.03379 5.11485 5.1864 5.25327 5.28021 5.32611 5.30285 5.24024 5.20945 5.24312 5.23285 5.14063 5.05764 5.04707 5.07986 5.06808 4.92241 4.73986 4.59289 4.5178 4.46584 4.37591 4.1639 3.91538 3.70385 3.5463 3.37232 3.14333 2.89042 2.67457 2.4482 2.18983 1.88513 1.58897 1.21941 0.900992 0.879301 0.845223 0.828928 ;
0.619642 0.639241 0.656392 0.673744 0.906348 1.17444 1.38603 1.5974 1.7694 1.8915 1.99327 2.17411 2.34794 2.45092 2.56453 2.73921 2.9279 3.09416 3.1867 3.27121 3.39614 3.50856 3.66078 3.80126 3.86609 3.89332 3.97139 4.14071 4.32947 4.41952 4.48594 4.70663 4.97105 5.14681 5.27337 5.39794 5.50548 5.59839 5.66929 5.73552 5.77971 5.81356 5.80018 5.6751 5.56118 5.66429 5.74107 5.72334 5.69215 5.6238 5.57612 5.5272 5.3998 5.27833 5.16475 5.02669 4.89677 4.77102 4.56909 4.36824 4.17159 3.94431 3.70059 3.38758 3.07224 2.89042 2.67096 2.38275 2.05854 1.72779 1.3268 0.984905 0.959364 0.937459 0.90999 ;
0.666999 0.6853 0.708522 0.730427 0.973723 1.26026 1.49069 1.71155 1.88835 2.03508 2.17411 2.34622 2.5407 2.69667 2.83607 3.00609 3.171 3.32339 3.42519 3.50212 3.61034 3.7663 3.94039 4.09377 4.19329 4.27976 4.38778 4.54086 4.67712 4.75809 4.88672 5.09877 5.34758 5.54587 5.69397 5.83408 5.95373 6.07382 6.13828 6.19722 6.24839 6.28715 6.27125 6.19329 6.12239 6.15622 6.2382 6.26164 6.20983 6.1518 6.06614 5.98284 5.87791 5.77834 5.64047 5.50482 5.33117 5.16331 4.96859 4.77786 4.54871 4.31416 4.02161 3.68667 3.38758 3.14333 2.87788 2.57382 2.2209 1.85724 1.4339 1.07277 1.0478 1.0137 0.987052 ;
0.706032 0.727727 0.749449 0.772188 1.03642 1.34469 1.57498 1.8029 1.9892 2.15746 2.34794 2.5407 2.71777 2.89237 3.06332 3.22102 3.384 3.54667 3.64101 3.69254 3.78453 3.96805 4.18877 4.3749 4.4884 4.60456 4.73178 4.85277 4.98814 5.12341 5.28038 5.44186 5.67598 5.88202 6.05509 6.24051 6.35724 6.47616 6.55942 6.64054 6.66338 6.69068 6.69668 6.67097 6.69159 6.70256 6.67385 6.64442 6.59703 6.53035 6.45996 6.40121 6.25476 6.11428 5.99023 5.82726 5.67257 5.51991 5.28301 5.05641 4.82748 4.57592 4.30157 4.02161 3.70059 3.37232 3.06219 2.72985 2.36299 1.99279 1.53024 1.14235 1.10723 1.0734 1.03871 ;
0.764375 0.780993 0.800884 0.815124 1.10025 1.43441 1.66802 1.8851 2.05496 2.22898 2.45092 2.69667 2.89237 3.05491 3.20734 3.39071 3.59442 3.77276 3.86311 3.90689 4.00709 4.18867 4.44688 4.66365 4.78157 4.87846 4.97141 5.11269 5.29304 5.41906 5.53855 5.69009 5.91684 6.17128 6.43006 6.65288 6.77463 6.90256 6.98957 7.08163 7.08031 7.03503 7.0062 7.0505 7.15033 7.18925 7.10446 6.9841 6.88581 6.86487 6.85949 6.82683 6.63353 6.39945 6.23228 6.1066 6.01614 5.88251 5.60155 5.2934 5.02486 4.81155 4.57592 4.31416 3.94431 3.5463 3.18862 2.86695 2.50588 2.1224 1.62683 1.20519 1.18135 1.14432 1.11802 ;
0.795654 0.821452 0.842504 0.86491 1.16251 1.50422 1.75643 1.96802 2.12584 2.31848 2.56453 2.83607 3.06332 3.20734 3.32881 3.55432 3.79956 3.97948 4.0892 4.13458 4.21027 4.42179 4.70556 4.91773 5.05794 5.11831 5.17383 5.37573 5.6108 5.71968 5.80637 5.95117 6.15003 6.46431 6.79013 7.0187 7.16671 7.28481 7.39513 7.47351 7.46949 7.36616 7.26281 7.39309 7.5708 7.60356 7.51119 7.3084 7.13013 7.17528 7.24686 7.19636 7.00947 6.70958 6.45944 6.40353 6.35465 6.19851 5.91589 5.52794 5.19107 5.02486 4.82748 4.54871 4.17159 3.70385 3.28927 2.99119 2.6341 2.22874 1.71735 1.26769 1.23362 1.20597 1.17125 ;
0.828445 0.849774 0.883474 0.917213 1.21572 1.57749 1.83731 2.06382 2.26664 2.47256 2.73921 3.00609 3.22102 3.39071 3.55432 3.76429 3.98136 4.17644 4.28092 4.36211 4.48275 4.67372 4.92893 5.1568 5.29673 5.4 5.51333 5.69575 5.91237 6.07659 6.19356 6.3202 6.54883 6.83337 7.13163 7.37467 7.51161 7.63654 7.75107 7.85539 7.85056 7.7981 7.74463 7.81295 7.94309 8.00332 7.88453 7.71938 7.58991 7.55086 7.59012 7.55986 7.34841 7.09193 6.87454 6.7557 6.65574 6.51044 6.19568 5.82679 5.52794 5.2934 5.05641 4.77786 4.36824 3.91538 3.5072 3.14889 2.75703 2.33715 1.79278 1.33375 1.29386 1.24616 1.21748 ;
0.872031 0.899191 0.927072 0.954262 1.27314 1.64947 1.93585 2.20713 2.45284 2.68895 2.9279 3.171 3.384 3.59442 3.79956 3.98136 4.13423 4.30135 4.43286 4.56904 4.7416 4.90349 5.11448 5.32935 5.51046 5.70633 5.89074 6.04697 6.22711 6.41962 6.59925 6.79059 7.03267 7.26166 7.49064 7.70566 7.85224 8.00405 8.09939 8.19576 8.22512 8.24295 8.27806 8.28934 8.31639 8.33984 8.25278 8.18173 8.12294 8.01996 7.9497 7.87177 7.68822 7.51414 7.34301 7.15041 6.95856 6.77249 6.48576 6.19568 5.91589 5.60155 5.28301 4.96859 4.56909 4.1639 3.75137 3.31969 2.88034 2.42864 1.86595 1.39454 1.3554 1.31557 1.27377 ;
0.925985 0.953161 0.969578 0.983447 1.33386 1.72687 2.03564 2.33667 2.60097 2.86951 3.09416 3.32339 3.54667 3.77276 3.97948 4.17644 4.30135 4.40004 4.54586 4.72993 4.92547 5.07205 5.24942 5.47307 5.74482 5.99704 6.17688 6.35526 6.53422 6.7326 6.96017 7.19856 7.41953 7.63158 7.8469 8.04866 8.20486 8.37374 8.45244 8.52491 8.59225 8.62629 8.6805 8.71255 8.69706 8.68256 8.63275 8.60052 8.51966 8.43381 8.30736 8.17187 8.03516 7.89555 7.70379 7.51068 7.26994 7.02565 6.77249 6.51044 6.19851 5.88251 5.51991 5.16331 4.77102 4.37591 3.9271 3.47392 3.00198 2.51438 1.94032 1.44187 1.41447 1.37916 1.34024 ;
0.951447 0.976733 1.00317 1.03083 1.38115 1.79297 2.10778 2.41195 2.68322 2.9433 3.1867 3.42519 3.64101 3.86311 4.0892 4.28092 4.43286 4.54586 4.64277 4.83783 5.06131 5.18374 5.35966 5.65545 5.9216 6.15261 6.3438 6.50192 6.71387 6.9565 7.1918 7.42037 7.66303 7.88369 8.11297 8.33491 8.48451 8.63586 8.74039 8.84593 8.87643 8.89218 8.93884 8.94382 8.96075 8.98585 8.8891 8.81174 8.74968 8.64742 8.54894 8.46395 8.26969 8.07744 7.90417 7.68663 7.48075 7.26994 6.95856 6.65574 6.35465 6.01614 5.67257 5.33117 4.89677 4.46584 4.02668 3.56498 3.09166 2.60577 1.99957 1.48966 1.44718 1.40856 1.36887 ;
0.986009 1.00761 1.03986 1.07166 1.43418 1.8629 2.18012 2.47069 2.7199 2.99442 3.27121 3.50212 3.69254 3.90689 4.13458 4.36211 4.56904 4.72993 4.83783 4.97663 5.15248 5.32297 5.58094 5.87641 6.10998 6.28904 6.42745 6.5652 6.82595 7.14321 7.4091 7.60108 7.78984 8.06605 8.374 8.63191 8.77728 8.90594 9.03889 9.17095 9.14747 9.07826 9.05012 9.11793 9.23162 9.29609 9.1498 8.95417 8.84633 8.81247 8.79918 8.75021 8.49866 8.20428 7.97899 7.81882 7.68663 7.51068 7.15041 6.7557 6.40353 6.1066 5.82726 5.50482 5.02669 4.5178 4.05326 3.62824 3.17802 2.69855 2.06288 1.51997 1.48815 1.43725 1.40146 ;
1.01607 1.05323 1.0829 1.11116 1.48719 1.9275 2.26206 2.53853 2.76182 3.06787 3.39614 3.61034 3.78453 4.00709 4.21027 4.48275 4.7416 4.92547 5.06131 5.15248 5.26797 5.50631 5.83291 6.10755 6.33631 6.47112 6.55478 6.72097 6.99317 7.35351 7.66594 7.7883 7.90771 8.2564 8.63904 8.90081 9.06481 9.19398 9.32268 9.43005 9.4103 9.27316 9.15839 9.31111 9.50955 9.55045 9.42732 9.14981 8.948 8.98759 9.04628 8.97911 8.744 8.37013 8.05499 7.97899 7.90417 7.70379 7.34301 6.87454 6.45944 6.23228 5.99023 5.64047 5.16475 4.59289 4.08211 3.69869 3.25937 2.75892 2.11824 1.56792 1.52358 1.48726 1.44374 ;
1.04684 1.07159 1.11306 1.15146 1.53313 1.98559 2.32735 2.63373 2.90055 3.20138 3.50856 3.7663 3.96805 4.18867 4.42179 4.67372 4.90349 5.07205 5.18374 5.32297 5.50631 5.6946 5.9748 6.2893 6.53651 6.70923 6.85099 7.01677 7.30269 7.63267 7.89003 8.06315 8.25358 8.5551 8.88013 9.14504 9.29952 9.43165 9.56555 9.69892 9.66595 9.58128 9.53455 9.60981 9.73998 9.80895 9.64736 9.42417 9.29659 9.26433 9.2617 9.21147 8.94458 8.62003 8.37013 8.20428 8.07744 7.89555 7.51414 7.09193 6.70958 6.39945 6.11428 5.77834 5.27833 4.73986 4.2443 3.79815 3.33055 2.82829 2.16552 1.59962 1.56478 1.51044 1.46998 ;
1.08849 1.11757 1.1469 1.18022 1.58249 2.04904 2.40717 2.75585 3.06708 3.37105 3.66078 3.94039 4.18877 4.44688 4.70556 4.92893 5.11448 5.24942 5.35966 5.58094 5.83291 5.9748 6.17394 6.50378 6.79404 7.03787 7.24866 7.42869 7.65449 7.91561 8.15883 8.38817 8.64703 8.88984 9.13749 9.37623 9.53414 9.68931 9.79572 9.90387 9.92734 9.93115 9.96816 9.96788 9.9842 10.0047 9.88941 9.79309 9.71373 9.59334 9.48279 9.38559 9.1645 8.94458 8.744 8.49866 8.26969 8.03516 7.68822 7.34841 7.00947 6.63353 6.25476 5.87791 5.3998 4.92241 4.43382 3.92422 3.40483 2.87045 2.20393 1.64398 1.597 1.55384 1.51061 ;
1.13748 1.16825 1.19184 1.20624 1.63339 2.11325 2.49295 2.86464 3.18862 3.514 3.80126 4.09377 4.3749 4.66365 4.91773 5.1568 5.32935 5.47307 5.65545 5.87641 6.10755 6.2893 6.50378 6.76421 7.06448 7.34575 7.55474 7.76013 7.95015 8.16188 8.40982 8.66728 8.92157 9.16358 9.39055 9.60929 9.78224 9.96703 10.0411 10.1047 10.1711 10.2036 10.2506 10.2717 10.2404 10.2079 10.1432 10.0958 9.98723 9.87708 9.71847 9.55305 9.38559 9.21147 8.97911 8.75021 8.46395 8.17187 7.87177 7.55986 7.19636 6.82683 6.40121 5.98284 5.5272 5.06808 4.54926 4.02332 3.47597 2.90866 2.24793 1.67282 1.64048 1.59976 1.55397 ;
1.15459 1.19025 1.22376 1.2576 1.67468 2.16977 2.54989 2.91561 3.23624 3.54246 3.86609 4.19329 4.4884 4.78157 5.05794 5.29673 5.51046 5.74482 5.9216 6.10998 6.33631 6.53651 6.79404 7.06448 7.27893 7.51269 7.73531 7.91229 8.10573 8.32046 8.52763 8.7473 9.03631 9.30326 9.55738 9.79782 9.9554 10.121 10.2165 10.3154 10.3385 10.3462 10.3722 10.3679 10.3796 10.3843 10.2636 10.1675 10.0819 9.94012 9.83337 9.71847 9.48279 9.2617 9.04628 8.79918 8.54894 8.30736 7.9497 7.59012 7.24686 6.85949 6.45996 6.06614 5.57612 5.07986 4.5789 4.05786 3.5164 2.96191 2.27618 1.7012 1.65471 1.60803 1.55841 ;
1.17445 1.20929 1.25889 1.29929 1.72232 2.22993 2.60991 2.95451 3.24146 3.51583 3.89332 4.27976 4.60456 4.87846 5.11831 5.4 5.70633 5.99704 6.15261 6.28904 6.47112 6.70923 7.03787 7.34575 7.51269 7.64789 7.80653 8.02214 8.26141 8.44113 8.56953 8.73774 9.04664 9.3866 9.71943 9.99874 10.1517 10.2903 10.4075 10.5126 10.4913 10.4224 10.3487 10.3985 10.517 10.5655 10.4 10.1909 10.0174 9.93 9.94012 9.87708 9.59334 9.26433 8.98759 8.81247 8.64742 8.43381 8.01996 7.55086 7.17528 6.86487 6.53035 6.1518 5.6238 5.04707 4.53413 4.07057 3.55324 3.0025 2.30707 1.71856 1.67234 1.60974 1.56605 ;
1.22328 1.2587 1.29088 1.32792 1.77976 2.29957 2.69395 3.03225 3.29126 3.59178 3.97139 4.38778 4.73178 4.97141 5.17383 5.51333 5.89074 6.17688 6.3438 6.42745 6.55478 6.85099 7.24866 7.55474 7.73531 7.80653 7.88002 8.14567 8.45251 8.59283 8.68899 8.86512 9.11366 9.51436 9.92225 10.1983 10.3672 10.4933 10.6102 10.6846 10.651 10.4858 10.3246 10.4716 10.6767 10.6909 10.5384 10.2442 9.98671 10.0174 10.0819 9.98723 9.71373 9.29659 8.948 8.84633 8.74968 8.51966 8.12294 7.58991 7.13013 6.88581 6.59703 6.20983 5.69215 5.05764 4.49769 4.08277 3.58853 3.03356 2.33852 1.73028 1.68115 1.64271 1.59895 ;
1.26214 1.29445 1.32877 1.35763 1.82629 2.37026 2.76911 3.13673 3.44009 3.76314 4.14071 4.54086 4.85277 5.11269 5.37573 5.69575 6.04697 6.35526 6.50192 6.5652 6.72097 7.01677 7.42869 7.76013 7.91229 8.02214 8.14567 8.35715 8.63819 8.83537 8.978 9.14383 9.41944 9.75959 10.1026 10.386 10.5237 10.6638 10.7529 10.8476 10.8015 10.6904 10.6077 10.6489 10.774 10.8085 10.6458 10.4218 10.2442 10.1909 10.1675 10.0958 9.79309 9.42417 9.14981 8.95417 8.81174 8.60052 8.18173 7.71938 7.3084 6.9841 6.64442 6.26164 5.72334 5.14063 4.61288 4.13998 3.61959 3.0657 2.35325 1.74211 1.70942 1.65918 1.61482 ;
1.28699 1.32573 1.36353 1.39977 1.87306 2.42788 2.85339 3.27332 3.63696 3.97888 4.32947 4.67712 4.98814 5.29304 5.6108 5.91237 6.22711 6.53422 6.71387 6.82595 6.99317 7.30269 7.65449 7.95015 8.10573 8.26141 8.45251 8.63819 8.86315 9.08431 9.29729 9.50731 9.80609 10.0726 10.3 10.5343 10.6651 10.8026 10.8805 10.9595 10.9493 10.9385 10.9125 10.8465 10.8461 10.8292 10.7379 10.6458 10.5384 10.4 10.2636 10.1432 9.88941 9.64736 9.42732 9.1498 8.8891 8.63275 8.25278 7.88453 7.51119 7.10446 6.67385 6.2382 5.74107 5.23285 4.73483 4.20919 3.64273 3.07166 2.36089 1.76576 1.71514 1.66414 1.61266 ;
1.32983 1.36436 1.40579 1.44612 1.92652 2.49493 2.95219 3.3997 3.78178 4.12241 4.41952 4.75809 5.12341 5.41906 5.71968 6.07659 6.41962 6.7326 6.9565 7.14321 7.35351 7.63267 7.91561 8.16188 8.32046 8.44113 8.59283 8.83537 9.08431 9.24153 9.42975 9.72456 10.0636 10.3294 10.522 10.7057 10.8406 10.9753 11.033 11.0847 11.107 11.1128 11.0493 10.897 10.7665 10.7762 10.8292 10.8085 10.6909 10.5655 10.3843 10.2079 10.0047 9.80895 9.55045 9.29609 8.98585 8.68256 8.33984 8.00332 7.60356 7.18925 6.70256 6.15622 5.66429 5.24312 4.77624 4.25345 3.6718 3.07389 2.37133 1.77002 1.72986 1.67937 1.63238 ;
1.36196 1.40331 1.44037 1.47904 1.98115 2.56463 3.03934 3.5052 3.90855 4.22395 4.48594 4.88672 5.28038 5.53855 5.80637 6.19356 6.59925 6.96017 7.1918 7.4091 7.66594 7.89003 8.15883 8.40982 8.52763 8.56953 8.68899 8.978 9.29729 9.42975 9.50858 9.86586 10.2792 10.5308 10.7004 10.86 10.9834 11.087 11.1522 11.2073 11.2211 11.2194 11.1453 10.8797 10.6426 10.7665 10.8461 10.774 10.6767 10.517 10.3796 10.2404 9.9842 9.73998 9.50955 9.23162 8.96075 8.69706 8.31639 7.94309 7.5708 7.15033 6.69159 6.12239 5.56118 5.20945 4.78994 4.26293 3.68163 3.08861 2.37632 1.76933 1.72072 1.67809 1.63149 ;
1.38584 1.42279 1.4699 1.5076 2.0286 2.63235 3.12183 3.61358 4.01867 4.37323 4.70663 5.09877 5.44186 5.69009 5.95117 6.3202 6.79059 7.19856 7.42037 7.60108 7.7883 8.06315 8.38817 8.66728 8.7473 8.73774 8.86512 9.14383 9.50731 9.72456 9.86586 10.1312 10.4639 10.7195 10.8534 11.0078 11.1021 11.176 11.2537 11.3261 11.3015 11.3078 11.2055 11.0123 10.8797 10.897 10.8465 10.6489 10.4716 10.3985 10.3679 10.2717 9.96788 9.60981 9.31111 9.11793 8.94382 8.71255 8.28934 7.81295 7.39309 7.0505 6.67097 6.19329 5.6751 5.24024 4.78428 4.26834 3.68065 3.0999 2.37855 1.75596 1.7206 1.66411 1.61822 ;
1.42252 1.4651 1.50603 1.55085 2.07683 2.69567 3.20268 3.70513 4.14372 4.56948 4.97105 5.34758 5.67598 5.91684 6.15003 6.54883 7.03267 7.41953 7.66303 7.78984 7.90771 8.25358 8.64703 8.92157 9.03631 9.04664 9.11366 9.41944 9.80609 10.0636 10.2792 10.4639 10.6716 10.8655 10.9895 11.122 11.2089 11.2843 11.3326 11.3737 11.3579 11.3592 11.2963 11.2055 11.1453 11.0493 10.9125 10.6077 10.3246 10.3487 10.3722 10.2506 9.96816 9.53455 9.15839 9.05012 8.93884 8.6805 8.27806 7.74463 7.26281 7.0062 6.69668 6.27125 5.80018 5.30285 4.79242 4.25936 3.67115 3.08294 2.37009 1.76652 1.71494 1.66973 1.62275 ;
1.46514 1.50057 1.54453 1.57443 2.12589 2.7579 3.28363 3.80502 4.26745 4.73924 5.14681 5.54587 5.88202 6.17128 6.46431 6.83337 7.26166 7.63158 7.88369 8.06605 8.2564 8.5551 8.88984 9.16358 9.30326 9.3866 9.51436 9.75959 10.0726 10.3294 10.5308 10.7195 10.8655 11.028 11.134 11.2433 11.312 11.3695 11.4121 11.4484 11.4288 11.4169 11.3592 11.3078 11.2194 11.1128 10.9385 10.6904 10.4858 10.4224 10.3462 10.2036 9.93115 9.58128 9.27316 9.07826 8.89218 8.62629 8.24295 7.7981 7.36616 7.03503 6.69068 6.28715 5.81356 5.32611 4.78573 4.24798 3.66162 3.07532 2.36274 1.74728 1.71372 1.66675 1.62468 ;
1.48308 1.5288 1.56797 1.61125 2.16788 2.81274 3.34984 3.87993 4.3579 4.83309 5.27337 5.69397 6.05509 6.43006 6.79013 7.13163 7.49064 7.8469 8.11297 8.374 8.63904 8.88013 9.13749 9.39055 9.55738 9.71943 9.92225 10.1026 10.3 10.522 10.7004 10.8534 10.9895 11.134 11.2236 11.318 11.3868 11.4277 11.4639 11.4655 11.4415 11.4288 11.3579 11.3015 11.2211 11.107 10.9493 10.8015 10.651 10.4913 10.3385 10.1711 9.92734 9.66595 9.4103 9.14747 8.87643 8.59225 8.22512 7.85056 7.46949 7.08031 6.66338 6.24839 5.77971 5.28021 4.74761 4.21584 3.63038 3.0457 2.34663 1.74251 1.69693 1.65124 1.59989 ;
1.51783 1.55044 1.60722 1.64993 2.2061 2.85665 3.41548 3.95085 4.45375 4.93978 5.39794 5.83408 6.24051 6.65288 7.0187 7.37467 7.70566 8.04866 8.33491 8.63191 8.90081 9.14504 9.37623 9.60929 9.79782 9.99874 10.1983 10.386 10.5343 10.7057 10.86 11.0078 11.122 11.2433 11.318 11.3751 11.4341 11.4858 11.4844 11.4571 11.4655 11.4484 11.3737 11.3261 11.2073 11.0847 10.9595 10.8476 10.6846 10.5126 10.3154 10.1047 9.90387 9.69892 9.43005 9.17095 8.84593 8.52491 8.19576 7.85539 7.47351 7.08163 6.64054 6.19722 5.73552 5.25327 4.71844 4.18389 3.60638 3.00451 2.32406 1.73624 1.6821 1.62482 1.59099 ;
1.54293 1.59005 1.63193 1.68077 2.2384 2.90883 3.47497 4.0236 4.5339 5.03379 5.50548 5.95373 6.35724 6.77463 7.16671 7.51161 7.85224 8.20486 8.48451 8.77728 9.06481 9.29952 9.53414 9.78224 9.9554 10.1517 10.3672 10.5237 10.6651 10.8406 10.9834 11.1021 11.2089 11.312 11.3868 11.4341 11.4704 11.5202 11.5 11.4844 11.4639 11.4121 11.3326 11.2537 11.1522 11.033 10.8805 10.7529 10.6102 10.4075 10.2165 10.0411 9.79572 9.56555 9.32268 9.03889 8.74039 8.45244 8.09939 7.75107 7.39513 6.98957 6.55942 6.13828 5.66929 5.1864 4.66358 4.13783 3.57171 2.98686 2.30129 1.72169 1.67128 1.62822 1.58142 ;
1.57191 1.62163 1.67297 1.68881 2.27985 2.96008 3.52506 4.09055 4.60626 5.11485 5.59839 6.07382 6.47616 6.90256 7.28481 7.63654 8.00405 8.37374 8.63586 8.90594 9.19398 9.43165 9.68931 9.96703 10.121 10.2903 10.4933 10.6638 10.8026 10.9753 11.087 11.176 11.2843 11.3695 11.4277 11.4858 11.5202 11.5681 11.5202 11.4858 11.4277 11.3695 11.2843 11.176 11.087 10.9753 10.8026 10.6638 10.4933 10.2903 10.121 9.96703 9.68931 9.43165 9.19398 8.90594 8.63586 8.37374 8.00405 7.63654 7.28481 6.90256 6.47616 6.07382 5.59839 5.11485 4.60626 4.09055 3.52506 2.96008 2.27985 1.68881 1.67297 1.62163 1.57191 ;
1.58142 1.62822 1.67128 1.72169 2.30129 2.98686 3.57171 4.13783 4.66358 5.1864 5.66929 6.13828 6.55942 6.98957 7.39513 7.75107 8.09939 8.45244 8.74039 9.03889 9.32268 9.56555 9.79572 10.0411 10.2165 10.4075 10.6102 10.7529 10.8805 11.033 11.1522 11.2537 11.3326 11.4121 11.4639 11.4844 11.5 11.5202 11.4704 11.4341 11.3868 11.312 11.2089 11.1021 10.9834 10.8406 10.6651 10.5237 10.3672 10.1517 9.9554 9.78224 9.53414 9.29952 9.06481 8.77728 8.48451 8.20486 7.85224 7.51161 7.16671 6.77463 6.35724 5.95373 5.50548 5.03379 4.5339 4.0236 3.47497 2.90883 2.2384 1.68077 1.63193 1.59005 1.54293 ;
1.59099 1.62482 1.6821 1.73624 2.32406 3.00451 3.60638 4.18389 4.71844 5.25327 5.73552 6.19722 6.64054 7.08163 7.47351 7.85539 8.19576 8.52491 8.84593 9.17095 9.43005 9.69892 9.90387 10.1047 10.3154 10.5126 10.6846 10.8476 10.9595 11.0847 11.2073 11.3261 11.3737 11.4484 11.4655 11.4571 11.4844 11.4858 11.4341 11.3751 11.318 11.2433 11.122 11.0078 10.86 10.7057 10.5343 10.386 10.1983 9.99874 9.79782 9.60929 9.37623 9.14504 8.90081 8.63191 8.33491 8.04866 7.70566 7.37467 7.0187 6.65288 6.24051 5.83408 5.39794 4.93978 4.45375 3.95085 3.41548 2.85665 2.2061 1.64993 1.60722 1.55044 1.51783 ;
1.59989 1.65124 1.69693 1.74251 2.34663 3.0457 3.63038 4.21584 4.74761 5.28021 5.77971 6.24839 6.66338 7.08031 7.46949 7.85056 8.22512 8.59225 8.87643 9.14747 9.4103 9.66595 9.92734 10.1711 10.3385 10.4913 10.651 10.8015 10.9493 11.107 11.2211 11.3015 11.3579 11.4288 11.4415 11.4655 11.4639 11.4277 11.3868 11.318 11.2236 11.134 10.9895 10.8534 10.7004 10.522 10.3 10.1026 9.92225 9.71943 9.55738 9.39055 9.13749 8.88013 8.63904 8.374 8.11297 7.8469 7.49064 7.13163 6.79013 6.43006 6.05509 5.69397 5.27337 4.83309 4.3579 3.87993 3.34984 2.81274 2.16788 1.61125 1.56797 1.5288 1.48308 ;
1.62468 1.66675 1.71372 1.74728 2.36274 3.07532 3.66162 4.24798 4.78573 5.32611 5.81356 6.28715 6.69068 7.03503 7.36616 7.7981 8.24295 8.62629 8.89218 9.07826 9.27316 9.58128 9.93115 10.2036 10.3462 10.4224 10.4858 10.6904 10.9385 11.1128 11.2194 11.3078 11.3592 11.4169 11.4288 11.4484 11.4121 11.3695 11.312 11.2433 11.134 11.028 10.8655 10.7195 10.5308 10.3294 10.0726 9.75959 9.51436 9.3866 9.30326 9.16358 8.88984 8.5551 8.2564 8.06605 7.88369 7.63158 7.26166 6.83337 6.46431 6.17128 5.88202 5.54587 5.14681 4.73924 4.26745 3.80502 3.28363 2.7579 2.12589 1.57443 1.54453 1.50057 1.46514 ;
1.62275 1.66973 1.71494 1.76652 2.37009 3.08294 3.67115 4.25936 4.79242 5.30285 5.80018 6.27125 6.69668 7.0062 7.26281 7.74463 8.27806 8.6805 8.93884 9.05012 9.15839 9.53455 9.96816 10.2506 10.3722 10.3487 10.3246 10.6077 10.9125 11.0493 11.1453 11.2055 11.2963 11.3592 11.3579 11.3737 11.3326 11.2843 11.2089 11.122 10.9895 10.8655 10.6716 10.4639 10.2792 10.0636 9.80609 9.41944 9.11366 9.04664 9.03631 8.92157 8.64703 8.25358 7.90771 7.78984 7.66303 7.41953 7.03267 6.54883 6.15003 5.91684 5.67598 5.34758 4.97105 4.56948 4.14372 3.70513 3.20268 2.69567 2.07683 1.55085 1.50603 1.4651 1.42252 ;
1.61822 1.66411 1.7206 1.75596 2.37855 3.0999 3.68065 4.26834 4.78428 5.24024 5.6751 6.19329 6.67097 7.0505 7.39309 7.81295 8.28934 8.71255 8.94382 9.11793 9.31111 9.60981 9.96788 10.2717 10.3679 10.3985 10.4716 10.6489 10.8465 10.897 10.8797 11.0123 11.2055 11.3078 11.3015 11.3261 11.2537 11.176 11.1021 11.0078 10.8534 10.7195 10.4639 10.1312 9.86586 9.72456 9.50731 9.14383 8.86512 8.73774 8.7473 8.66728 8.38817 8.06315 7.7883 7.60108 7.42037 7.19856 6.79059 6.3202 5.95117 5.69009 5.44186 5.09877 4.70663 4.37323 4.01867 3.61358 3.12183 2.63235 2.0286 1.5076 1.4699 1.42279 1.38584 ;
1.63149 1.67809 1.72072 1.76933 2.37632 3.08861 3.68163 4.26293 4.78994 5.20945 5.56118 6.12239 6.69159 7.15033 7.5708 7.94309 8.31639 8.69706 8.96075 9.23162 9.50955 9.73998 9.9842 10.2404 10.3796 10.517 10.6767 10.774 10.8461 10.7665 10.6426 10.8797 11.1453 11.2194 11.2211 11.2073 11.1522 11.087 10.9834 10.86 10.7004 10.5308 10.2792 9.86586 9.50858 9.42975 9.29729 8.978 8.68899 8.56953 8.52763 8.40982 8.15883 7.89003 7.66594 7.4091 7.1918 6.96017 6.59925 6.19356 5.80637 5.53855 5.28038 4.88672 4.48594 4.22395 3.90855 3.5052 3.03934 2.56463 1.98115 1.47904 1.44037 1.40331 1.36196 ;
1.63238 1.67937 1.72986 1.77002 2.37133 3.07389 3.6718 4.25345 4.77624 5.24312 5.66429 6.15622 6.70256 7.18925 7.60356 8.00332 8.33984 8.68256 8.98585 9.29609 9.55045 9.80895 10.0047 10.2079 10.3843 10.5655 10.6909 10.8085 10.8292 10.7762 10.7665 10.897 11.0493 11.1128 11.107 11.0847 11.033 10.9753 10.8406 10.7057 10.522 10.3294 10.0636 9.72456 9.42975 9.24153 9.08431 8.83537 8.59283 8.44113 8.32046 8.16188 7.91561 7.63267 7.35351 7.14321 6.9565 6.7326 6.41962 6.07659 5.71968 5.41906 5.12341 4.75809 4.41952 4.12241 3.78178 3.3997 2.95219 2.49493 1.92652 1.44612 1.40579 1.36436 1.32983 ;
1.61266 1.66414 1.71514 1.76576 2.36089 3.07166 3.64273 4.20919 4.73483 5.23285 5.74107 6.2382 6.67385 7.10446 7.51119 7.88453 8.25278 8.63275 8.8891 9.1498 9.42732 9.64736 9.88941 10.1432 10.2636 10.4 10.5384 10.6458 10.7379 10.8292 10.8461 10.8465 10.9125 10.9385 10.9493 10.9595 10.8805 10.8026 10.6651 10.5343 10.3 10.0726 9.80609 9.50731 9.29729 9.08431 8.86315 8.63819 8.45251 8.26141 8.10573 7.95015 7.65449 7.30269 6.99317 6.82595 6.71387 6.53422 6.22711 5.91237 5.6108 5.29304 4.98814 4.67712 4.32947 3.97888 3.63696 3.27332 2.85339 2.42788 1.87306 1.39977 1.36353 1.32573 1.28699 ;
1.61482 1.65918 1.70942 1.74211 2.35325 3.0657 3.61959 4.13998 4.61288 5.14063 5.72334 6.26164 6.64442 6.9841 7.3084 7.71938 8.18173 8.60052 8.81174 8.95417 9.14981 9.42417 9.79309 10.0958 10.1675 10.1909 10.2442 10.4218 10.6458 10.8085 10.774 10.6489 10.6077 10.6904 10.8015 10.8476 10.7529 10.6638 10.5237 10.386 10.1026 9.75959 9.41944 9.14383 8.978 8.83537 8.63819 8.35715 8.14567 8.02214 7.91229 7.76013 7.42869 7.01677 6.72097 6.5652 6.50192 6.35526 6.04697 5.69575 5.37573 5.11269 4.85277 4.54086 4.14071 3.76314 3.44009 3.13673 2.76911 2.37026 1.82629 1.35763 1.32877 1.29445 1.26214 ;
1.59895 1.64271 1.68115 1.73028 2.33852 3.03356 3.58853 4.08277 4.49769 5.05764 5.69215 6.20983 6.59703 6.88581 7.13013 7.58991 8.12294 8.51966 8.74968 8.84633 8.948 9.29659 9.71373 9.98723 10.0819 10.0174 9.98671 10.2442 10.5384 10.6909 10.6767 10.4716 10.3246 10.4858 10.651 10.6846 10.6102 10.4933 10.3672 10.1983 9.92225 9.51436 9.11366 8.86512 8.68899 8.59283 8.45251 8.14567 7.88002 7.80653 7.73531 7.55474 7.24866 6.85099 6.55478 6.42745 6.3438 6.17688 5.89074 5.51333 5.17383 4.97141 4.73178 4.38778 3.97139 3.59178 3.29126 3.03225 2.69395 2.29957 1.77976 1.32792 1.29088 1.2587 1.22328 ;
1.56605 1.60974 1.67234 1.71856 2.30707 3.0025 3.55324 4.07057 4.53413 5.04707 5.6238 6.1518 6.53035 6.86487 7.17528 7.55086 8.01996 8.43381 8.64742 8.81247 8.98759 9.26433 9.59334 9.87708 9.94012 9.93 10.0174 10.1909 10.4 10.5655 10.517 10.3985 10.3487 10.4224 10.4913 10.5126 10.4075 10.2903 10.1517 9.99874 9.71943 9.3866 9.04664 8.73774 8.56953 8.44113 8.26141 8.02214 7.80653 7.64789 7.51269 7.34575 7.03787 6.70923 6.47112 6.28904 6.15261 5.99704 5.70633 5.4 5.11831 4.87846 4.60456 4.27976 3.89332 3.51583 3.24146 2.95451 2.60991 2.22993 1.72232 1.29929 1.25889 1.20929 1.17445 ;
1.55841 1.60803 1.65471 1.7012 2.27618 2.96191 3.5164 4.05786 4.5789 5.07986 5.57612 6.06614 6.45996 6.85949 7.24686 7.59012 7.9497 8.30736 8.54894 8.79918 9.04628 9.2617 9.48279 9.71847 9.83337 9.94012 10.0819 10.1675 10.2636 10.3843 10.3796 10.3679 10.3722 10.3462 10.3385 10.3154 10.2165 10.121 9.9554 9.79782 9.55738 9.30326 9.03631 8.7473 8.52763 8.32046 8.10573 7.91229 7.73531 7.51269 7.27893 7.06448 6.79404 6.53651 6.33631 6.10998 5.9216 5.74482 5.51046 5.29673 5.05794 4.78157 4.4884 4.19329 3.86609 3.54246 3.23624 2.91561 2.54989 2.16977 1.67468 1.2576 1.22376 1.19025 1.15459 ;
1.55397 1.59976 1.64048 1.67282 2.24793 2.90866 3.47597 4.02332 4.54926 5.06808 5.5272 5.98284 6.40121 6.82683 7.19636 7.55986 7.87177 8.17187 8.46395 8.75021 8.97911 9.21147 9.38559 9.55305 9.71847 9.87708 9.98723 10.0958 10.1432 10.2079 10.2404 10.2717 10.2506 10.2036 10.1711 10.1047 10.0411 9.96703 9.78224 9.60929 9.39055 9.16358 8.92157 8.66728 8.40982 8.16188 7.95015 7.76013 7.55474 7.34575 7.06448 6.76421 6.50378 6.2893 6.10755 5.87641 5.65545 5.47307 5.32935 5.1568 4.91773 4.66365 4.3749 4.09377 3.80126 3.514 3.18862 2.86464 2.49295 2.11325 1.63339 1.20624 1.19184 1.16825 1.13748 ;
1.51061 1.55384 1.597 1.64398 2.20393 2.87045 3.40483 3.92422 4.43382 4.92241 5.3998 5.87791 6.25476 6.63353 7.00947 7.34841 7.68822 8.03516 8.26969 8.49866 8.744 8.94458 9.1645 9.38559 9.48279 9.59334 9.71373 9.79309 9.88941 10.0047 9.9842 9.96788 9.96816 9.93115 9.92734 9.90387 9.79572 9.68931 9.53414 9.37623 9.13749 8.88984 8.64703 8.38817 8.15883 7.91561 7.65449 7.42869 7.24866 7.03787 6.79404 6.50378 6.17394 5.9748 5.83291 5.58094 5.35966 5.24942 5.11448 4.92893 4.70556 4.44688 4.18877 3.94039 3.66078 3.37105 3.06708 2.75585 2.40717 2.04904 1.58249 1.18022 1.1469 1.11757 1.08849 ;
1.46998 1.51044 1.56478 1.59962 2.16552 2.82829 3.33055 3.79815 4.2443 4.73986 5.27833 5.77834 6.11428 6.39945 6.70958 7.09193 7.51414 7.89555 8.07744 8.20428 8.37013 8.62003 8.94458 9.21147 9.2617 9.26433 9.29659 9.42417 9.64736 9.80895 9.73998 9.60981 9.53455 9.58128 9.66595 9.69892 9.56555 9.43165 9.29952 9.14504 8.88013 8.5551 8.25358 8.06315 7.89003 7.63267 7.30269 7.01677 6.85099 6.70923 6.53651 6.2893 5.9748 5.6946 5.50631 5.32297 5.18374 5.07205 4.90349 4.67372 4.42179 4.18867 3.96805 3.7663 3.50856 3.20138 2.90055 2.63373 2.32735 1.98559 1.53313 1.15146 1.11306 1.07159 1.04684 ;
1.44374 1.48726 1.52358 1.56792 2.11824 2.75892 3.25937 3.69869 4.08211 4.59289 5.16475 5.64047 5.99023 6.23228 6.45944 6.87454 7.34301 7.70379 7.90417 7.97899 8.05499 8.37013 8.744 8.97911 9.04628 8.98759 8.948 9.14981 9.42732 9.55045 9.50955 9.31111 9.15839 9.27316 9.4103 9.43005 9.32268 9.19398 9.06481 8.90081 8.63904 8.2564 7.90771 7.7883 7.66594 7.35351 6.99317 6.72097 6.55478 6.47112 6.33631 6.10755 5.83291 5.50631 5.26797 5.15248 5.06131 4.92547 4.7416 4.48275 4.21027 4.00709 3.78453 3.61034 3.39614 3.06787 2.76182 2.53853 2.26206 1.9275 1.48719 1.11116 1.0829 1.05323 1.01607 ;
1.40146 1.43725 1.48815 1.51997 2.06288 2.69855 3.17802 3.62824 4.05326 4.5178 5.02669 5.50482 5.82726 6.1066 6.40353 6.7557 7.15041 7.51068 7.68663 7.81882 7.97899 8.20428 8.49866 8.75021 8.79918 8.81247 8.84633 8.95417 9.1498 9.29609 9.23162 9.11793 9.05012 9.07826 9.14747 9.17095 9.03889 8.90594 8.77728 8.63191 8.374 8.06605 7.78984 7.60108 7.4091 7.14321 6.82595 6.5652 6.42745 6.28904 6.10998 5.87641 5.58094 5.32297 5.15248 4.97663 4.83783 4.72993 4.56904 4.36211 4.13458 3.90689 3.69254 3.50212 3.27121 2.99442 2.7199 2.47069 2.18012 1.8629 1.43418 1.07166 1.03986 1.00761 0.986009 ;
1.36887 1.40856 1.44718 1.48966 1.99957 2.60577 3.09166 3.56498 4.02668 4.46584 4.89677 5.33117 5.67257 6.01614 6.35465 6.65574 6.95856 7.26994 7.48075 7.68663 7.90417 8.07744 8.26969 8.46395 8.54894 8.64742 8.74968 8.81174 8.8891 8.98585 8.96075 8.94382 8.93884 8.89218 8.87643 8.84593 8.74039 8.63586 8.48451 8.33491 8.11297 7.88369 7.66303 7.42037 7.1918 6.9565 6.71387 6.50192 6.3438 6.15261 5.9216 5.65545 5.35966 5.18374 5.06131 4.83783 4.64277 4.54586 4.43286 4.28092 4.0892 3.86311 3.64101 3.42519 3.1867 2.9433 2.68322 2.41195 2.10778 1.79297 1.38115 1.03083 1.00317 0.976733 0.951447 ;
1.34024 1.37916 1.41447 1.44187 1.94032 2.51438 3.00198 3.47392 3.9271 4.37591 4.77102 5.16331 5.51991 5.88251 6.19851 6.51044 6.77249 7.02565 7.26994 7.51068 7.70379 7.89555 8.03516 8.17187 8.30736 8.43381 8.51966 8.60052 8.63275 8.68256 8.69706 8.71255 8.6805 8.62629 8.59225 8.52491 8.45244 8.37374 8.20486 8.04866 7.8469 7.63158 7.41953 7.19856 6.96017 6.7326 6.53422 6.35526 6.17688 5.99704 5.74482 5.47307 5.24942 5.07205 4.92547 4.72993 4.54586 4.40004 4.30135 4.17644 3.97948 3.77276 3.54667 3.32339 3.09416 2.86951 2.60097 2.33667 2.03564 1.72687 1.33386 0.983447 0.969578 0.953161 0.925985 ;
1.27377 1.31557 1.3554 1.39454 1.86595 2.42864 2.88034 3.31969 3.75137 4.1639 4.56909 4.96859 5.28301 5.60155 5.91589 6.19568 6.48576 6.77249 6.95856 7.15041 7.34301 7.51414 7.68822 7.87177 7.9497 8.01996 8.12294 8.18173 8.25278 8.33984 8.31639 8.28934 8.27806 8.24295 8.22512 8.19576 8.09939 8.00405 7.85224 7.70566 7.49064 7.26166 7.03267 6.79059 6.59925 6.41962 6.22711 6.04697 5.89074 5.70633 5.51046 5.32935 5.11448 4.90349 4.7416 4.56904 4.43286 4.30135 4.13423 3.98136 3.79956 3.59442 3.384 3.171 2.9279 2.68895 2.45284 2.20713 1.93585 1.64947 1.27314 0.954262 0.927072 0.899191 0.872031 ;
1.21748 1.24616 1.29386 1.33375 1.79278 2.33715 2.75703 3.14889 3.5072 3.91538 4.36824 4.77786 5.05641 5.2934 5.52794 5.82679 6.19568 6.51044 6.65574 6.7557 6.87454 7.09193 7.34841 7.55986 7.59012 7.55086 7.58991 7.71938 7.88453 8.00332 7.94309 7.81295 7.74463 7.7981 7.85056 7.85539 7.75107 7.63654 7.51161 7.37467 7.13163 6.83337 6.54883 6.3202 6.19356 6.07659 5.91237 5.69575 5.51333 5.4 5.29673 5.1568 4.92893 4.67372 4.48275 4.36211 4.28092 4.17644 3.98136 3.76429 3.55432 3.39071 3.22102 3.00609 2.73921 2.47256 2.26664 2.06382 1.83731 1.57749 1.21572 0.917213 0.883474 0.849774 0.828445 ;
1.17125 1.20597 1.23362 1.26769 1.71735 2.22874 2.6341 2.99119 3.28927 3.70385 4.17159 4.54871 4.82748 5.02486 5.19107 5.52794 5.91589 6.19851 6.35465 6.40353 6.45944 6.70958 7.00947 7.19636 7.24686 7.17528 7.13013 7.3084 7.51119 7.60356 7.5708 7.39309 7.26281 7.36616 7.46949 7.47351 7.39513 7.28481 7.16671 7.0187 6.79013 6.46431 6.15003 5.95117 5.80637 5.71968 5.6108 5.37573 5.17383 5.11831 5.05794 4.91773 4.70556 4.42179 4.21027 4.13458 4.0892 3.97948 3.79956 3.55432 3.32881 3.20734 3.06332 2.83607 2.56453 2.31848 2.12584 1.96802 1.75643 1.50422 1.16251 0.86491 0.842504 0.821452 0.795654 ;
1.11802 1.14432 1.18135 1.20519 1.62683 2.1224 2.50588 2.86695 3.18862 3.5463 3.94431 4.31416 4.57592 4.81155 5.02486 5.2934 5.60155 5.88251 6.01614 6.1066 6.23228 6.39945 6.63353 6.82683 6.85949 6.86487 6.88581 6.9841 7.10446 7.18925 7.15033 7.0505 7.0062 7.03503 7.08031 7.08163 6.98957 6.90256 6.77463 6.65288 6.43006 6.17128 5.91684 5.69009 5.53855 5.41906 5.29304 5.11269 4.97141 4.87846 4.78157 4.66365 4.44688 4.18867 4.00709 3.90689 3.86311 3.77276 3.59442 3.39071 3.20734 3.05491 2.89237 2.69667 2.45092 2.22898 2.05496 1.8851 1.66802 1.43441 1.10025 0.815124 0.800884 0.780993 0.764375 ;
1.03871 1.0734 1.10723 1.14235 1.53024 1.99279 2.36299 2.72985 3.06219 3.37232 3.70059 4.02161 4.30157 4.57592 4.82748 5.05641 5.28301 5.51991 5.67257 5.82726 5.99023 6.11428 6.25476 6.40121 6.45996 6.53035 6.59703 6.64442 6.67385 6.70256 6.69159 6.67097 6.69668 6.69068 6.66338 6.64054 6.55942 6.47616 6.35724 6.24051 6.05509 5.88202 5.67598 5.44186 5.28038 5.12341 4.98814 4.85277 4.73178 4.60456 4.4884 4.3749 4.18877 3.96805 3.78453 3.69254 3.64101 3.54667 3.384 3.22102 3.06332 2.89237 2.71777 2.5407 2.34794 2.15746 1.9892 1.8029 1.57498 1.34469 1.03642 0.772188 0.749449 0.727727 0.706032 ;
0.987052 1.0137 1.0478 1.07277 1.4339 1.85724 2.2209 2.57382 2.87788 3.14333 3.38758 3.68667 4.02161 4.31416 4.54871 4.77786 4.96859 5.16331 5.33117 5.50482 5.64047 5.77834 5.87791 5.98284 6.06614 6.1518 6.20983 6.26164 6.2382 6.15622 6.12239 6.19329 6.27125 6.28715 6.24839 6.19722 6.13828 6.07382 5.95373 5.83408 5.69397 5.54587 5.34758 5.09877 4.88672 4.75809 4.67712 4.54086 4.38778 4.27976 4.19329 4.09377 3.94039 3.7663 3.61034 3.50212 3.42519 3.32339 3.171 3.00609 2.83607 2.69667 2.5407 2.34622 2.17411 2.03508 1.88835 1.71155 1.49069 1.26026 0.973723 0.730427 0.708522 0.6853 0.666999 ;
