%% MATLAB script to plot scalar flux in a tiled layout
% Generated by the C++ transport code

clear all; close all; clc;

% Mesh Coordinates
x = [0.0593725 0.178118 0.296863 0.415608 0.51816 0.60452 0.69088 0.77724 1.05473 1.52337 1.99199 2.46062 2.92925 3.39788 3.86651 4.33514 4.80377 5.2724 5.74104 6.20966 6.6783 7.14692 7.61556 8.08418 8.55281 9.02144 9.49008 9.95871 10.4273 10.896 11.3646 11.8332 12.3019 12.7705 13.2391 13.7077 13.9852 14.0716 14.158 14.2443 14.347 14.4661 14.5852 14.7042 14.8233 14.9423 15.0614 15.1805 ];
y = [0.0593725 0.178118 0.296863 0.415608 0.51816 0.60452 0.69088 0.77724 1.05473 1.52337 1.99199 2.46062 2.92925 3.39788 3.86651 4.33514 4.80377 5.2724 5.74104 6.20966 6.6783 7.14692 7.61556 8.08418 8.55281 9.02144 9.49008 9.95871 10.4273 10.896 11.3646 11.8332 12.3019 12.7705 13.2391 13.7077 13.9852 14.0716 14.158 14.2443 14.347 14.4661 14.5852 14.7042 14.8233 14.9423 15.0614 15.1805 ];

[X, Y] = meshgrid(x, y);

figure('Name', 'Scalar Flux Distribution', 'NumberTitle', 'off');
t = tiledlayout(1, 2, 'TileSpacing', 'compact');

% --- Data and Plot for Group 1 ---
flux_g1 = [
2.97296 2.97182 2.97184 2.9698 2.96542 2.96217 2.96201 2.96365 2.97127 2.99299 3.02161 3.04377 3.05971 3.07013 3.07579 3.08034 3.08132 3.07975 3.07806 3.07573 3.07383 3.07313 3.069 3.06145 3.0547 3.04779 3.04048 3.03245 3.0207 3.00394 2.98532 2.96179 2.93217 2.8942 2.84656 2.80509 2.78666 2.78196 2.77799 2.77598 2.77359 2.76912 2.76238 2.75593 2.74921 2.74142 2.73675 2.73577 ;
2.97182 2.97482 2.97243 2.96944 2.96785 2.96721 2.96586 2.96573 2.97328 2.99583 3.026 3.04786 3.06385 3.07423 3.08025 3.08501 3.08577 3.0845 3.08208 3.07997 3.0781 3.07714 3.07298 3.06543 3.05898 3.05222 3.04519 3.03724 3.02565 3.00917 2.98964 2.96579 2.93666 2.89895 2.84966 2.80747 2.78862 2.7838 2.78048 2.777 2.77353 2.76855 2.76222 2.7534 2.74641 2.74227 2.73774 2.73507 ;
2.97184 2.97243 2.97453 2.97212 2.97185 2.97176 2.97247 2.97219 2.97836 3.00311 3.03369 3.05601 3.07196 3.08323 3.08943 3.09376 3.09494 3.09321 3.09098 3.08841 3.08623 3.0853 3.0812 3.07355 3.06751 3.06134 3.05444 3.04669 3.03512 3.01916 2.99941 2.97426 2.9454 2.90707 2.8573 2.81249 2.79264 2.78802 2.78291 2.77915 2.77471 2.76915 2.75993 2.75088 2.74395 2.73969 2.73712 2.73386 ;
2.9698 2.96944 2.97212 2.97746 2.97652 2.97835 2.98027 2.98107 2.98877 3.01424 3.04532 3.06762 3.08493 3.09722 3.1034 3.10683 3.10837 3.10612 3.10434 3.10106 3.0988 3.09752 3.09341 3.08659 3.0804 3.07506 3.06794 3.06071 3.04892 3.03395 3.01459 2.98832 2.95792 2.91897 2.8684 2.82161 2.79951 2.79425 2.78865 2.7826 2.77715 2.7669 2.75674 2.74852 2.7411 2.73568 2.7326 2.73253 ;
2.96542 2.96785 2.97185 2.97652 2.98434 2.98523 2.987 2.98931 3.00021 3.02584 3.05689 3.08029 3.09814 3.11203 3.1176 3.12061 3.12182 3.11936 3.11707 3.11456 3.11166 3.11009 3.10601 3.09985 3.09439 3.0883 3.08183 3.07464 3.06338 3.04913 3.03032 3.00309 2.97147 2.93086 2.87949 2.83139 2.80728 2.80155 2.79482 2.78837 2.77634 2.76472 2.75464 2.74529 2.73769 2.73177 2.72938 2.72937 ;
2.96217 2.96721 2.97176 2.97835 2.98523 2.99173 2.99297 2.99548 3.00913 3.03652 3.06709 3.09208 3.10973 3.12483 3.13063 3.13272 3.13376 3.13036 3.12805 3.1261 3.12319 3.12114 3.11731 3.11154 3.10639 3.09988 3.09363 3.08701 3.07621 3.06317 3.04396 3.01609 2.98387 2.94147 2.88959 2.83935 2.81331 2.80688 2.80011 2.79029 2.7773 2.76359 2.75365 2.74308 2.73408 2.72889 2.72751 2.72499 ;
2.96201 2.96586 2.97247 2.98027 2.987 2.99297 3.00062 3.00182 3.01733 3.04808 3.07837 3.10396 3.1224 3.13738 3.14495 3.14526 3.14594 3.14199 3.13934 3.13764 3.13524 3.13308 3.1292 3.124 3.11811 3.11197 3.10593 3.10011 3.08972 3.07814 3.05805 3.02956 2.99628 2.9529 2.90082 2.8472 2.81866 2.81226 2.80246 2.79156 2.77828 2.76446 2.7522 2.74157 2.7316 2.7276 2.72381 2.72142 ;
2.96365 2.96573 2.97219 2.98106 2.98931 2.99548 3.00182 3.00971 3.02666 3.06031 3.09006 3.11616 3.13572 3.15072 3.15905 3.15891 3.15824 3.15473 3.1509 3.14956 3.14747 3.14583 3.14204 3.13633 3.13048 3.12415 3.11929 3.11364 3.10454 3.09312 3.07283 3.04363 3.00871 2.96437 2.91305 2.85641 2.82484 2.8146 2.8038 2.79292 2.77911 2.7642 2.75119 2.73951 2.73248 2.72527 2.72078 2.71891 ;
2.97127 2.97328 2.97836 2.98877 3.00021 3.00913 3.01733 3.02666 3.05776 3.09781 3.12726 3.15407 3.1765 3.19154 3.1991 3.20053 3.19853 3.19529 3.19089 3.18802 3.18628 3.18374 3.18017 3.17545 3.17006 3.16541 3.16173 3.15639 3.14884 3.13646 3.11619 3.08604 3.04558 2.99938 2.94913 2.88614 2.84149 2.82806 2.81568 2.80285 2.78641 2.76866 2.7547 2.74371 2.73401 2.72603 2.72059 2.71826 ;
2.99299 2.99583 3.00311 3.01424 3.02584 3.03652 3.04808 3.06031 3.09781 3.14744 3.17883 3.20657 3.22986 3.24529 3.25289 3.25425 3.25252 3.24927 3.24447 3.24061 3.23772 3.23352 3.23014 3.22767 3.22359 3.22012 3.21741 3.21221 3.2047 3.19237 3.17157 3.13968 3.09592 3.04751 2.99569 2.92378 2.87223 2.85594 2.8404 2.82541 2.80704 2.78707 2.77062 2.75723 2.74668 2.7383 2.73234 2.72898 ;
3.02161 3.026 3.03369 3.04532 3.05689 3.06709 3.07837 3.09006 3.12726 3.17883 3.21395 3.2416 3.2646 3.27856 3.28599 3.28639 3.2834 3.27996 3.27286 3.26763 3.26452 3.25856 3.25539 3.25442 3.25034 3.24843 3.24733 3.24246 3.23585 3.22383 3.20284 3.1716 3.12855 3.08027 3.02535 2.95097 2.89868 2.88226 2.86584 2.85004 2.83115 2.80987 2.79173 2.77793 2.76772 2.75997 2.75405 2.7509 ;
3.04377 3.04786 3.05601 3.06762 3.08029 3.09208 3.10396 3.11616 3.15407 3.20657 3.2416 3.2699 3.29071 3.30162 3.30661 3.30671 3.30215 3.29716 3.28838 3.27638 3.26593 3.25494 3.25133 3.25499 3.25826 3.26272 3.26352 3.25982 3.25436 3.24268 3.22389 3.19544 3.15397 3.1059 3.05119 2.97469 2.92025 2.90264 2.88527 2.8681 2.84794 2.82687 2.80969 2.79547 2.78458 2.77691 2.772 2.76914 ;
3.05971 3.06385 3.07196 3.08493 3.09814 3.10973 3.1224 3.13572 3.1765 3.22986 3.2646 3.29071 3.30944 3.31859 3.3208 3.31937 3.31437 3.30709 3.29719 3.27759 3.25087 3.23412 3.23008 3.23943 3.25883 3.27076 3.2728 3.27114 3.26593 3.25596 3.24042 3.21347 3.1733 3.12651 3.0711 2.99228 2.93462 2.91596 2.89781 2.8803 2.85991 2.83864 2.82125 2.80738 2.7967 2.78898 2.78405 2.7822 ;
3.07013 3.07423 3.08323 3.09722 3.11203 3.12483 3.13738 3.15072 3.19154 3.24529 3.27856 3.30162 3.31859 3.32962 3.33052 3.32696 3.32137 3.31236 3.30021 3.27596 3.24351 3.22235 3.21855 3.23192 3.25702 3.27396 3.27795 3.27777 3.27305 3.26545 3.25096 3.22164 3.18278 3.13834 3.08287 3.00298 2.94517 2.92623 2.908 2.89007 2.8686 2.84601 2.82872 2.81517 2.80438 2.79689 2.79281 2.79065 ;
3.07579 3.08025 3.08943 3.1034 3.1176 3.13063 3.14495 3.15905 3.1991 3.25289 3.28599 3.30661 3.3208 3.33052 3.33314 3.32992 3.32532 3.31687 3.30506 3.28084 3.2473 3.22683 3.22272 3.23585 3.26175 3.27822 3.28245 3.28166 3.27592 3.2675 3.25075 3.2221 3.18551 3.14241 3.08716 3.00762 2.95085 2.93216 2.913 2.89481 2.87434 2.85293 2.83476 2.82028 2.80935 2.8014 2.79626 2.79423 ;
3.08034 3.08501 3.09376 3.10683 3.12061 3.13272 3.14526 3.15891 3.20053 3.25425 3.28639 3.30671 3.31937 3.32696 3.32992 3.32975 3.32598 3.31925 3.30965 3.29055 3.26325 3.24828 3.24447 3.25163 3.27134 3.28235 3.28368 3.2819 3.27509 3.26325 3.24541 3.21867 3.18332 3.14045 3.08603 3.0073 2.94971 2.93105 2.9139 2.89751 2.87786 2.85615 2.83811 2.82337 2.81211 2.80389 2.79853 2.79582 ;
3.08132 3.08577 3.09494 3.10837 3.12182 3.13376 3.14594 3.15824 3.19853 3.25252 3.2834 3.30215 3.31437 3.32137 3.32532 3.32598 3.32279 3.31753 3.31009 3.29888 3.28875 3.27927 3.27554 3.27737 3.27965 3.2828 3.28153 3.2772 3.27003 3.257 3.23812 3.21165 3.17676 3.13559 3.08283 3.00432 2.94822 2.93132 2.9147 2.89817 2.87776 2.85577 2.83709 2.82203 2.81051 2.80247 2.79697 2.79383 ;
3.07975 3.0845 3.09321 3.10612 3.11936 3.13036 3.14199 3.15473 3.19529 3.24927 3.27996 3.29716 3.30709 3.31236 3.31687 3.31925 3.31753 3.31558 3.31091 3.30616 3.30332 3.29859 3.29485 3.2922 3.28706 3.28318 3.27869 3.27097 3.2619 3.24709 3.22712 3.2026 3.16967 3.12974 3.07755 2.99953 2.94383 2.9268 2.9104 2.89439 2.87485 2.85254 2.83386 2.81879 2.80719 2.79858 2.79277 2.78976 ;
3.07806 3.08208 3.09098 3.10434 3.11707 3.12805 3.13934 3.1509 3.19089 3.24447 3.27286 3.28838 3.29719 3.30021 3.30506 3.30965 3.31009 3.31091 3.31037 3.30773 3.30675 3.30396 3.30076 3.29581 3.28835 3.28179 3.27223 3.26166 3.25053 3.23287 3.21312 3.19048 3.15828 3.12039 3.07045 2.99318 2.93834 2.92227 2.90652 2.89076 2.87057 2.84854 2.82988 2.81489 2.803 2.79393 2.78804 2.78549 ;
3.07573 3.07997 3.08841 3.10106 3.11456 3.1261 3.13764 3.14956 3.18802 3.24061 3.26763 3.27638 3.27759 3.27596 3.28084 3.29055 3.29888 3.30616 3.30773 3.3076 3.30737 3.30457 3.30097 3.29619 3.28734 3.27819 3.26637 3.24786 3.22793 3.20466 3.1842 3.16673 3.14292 3.11273 3.06463 2.98916 2.93683 2.92063 2.90395 2.88654 2.86623 2.8443 2.82584 2.81028 2.79776 2.78828 2.78218 2.77929 ;
3.07383 3.0781 3.08623 3.0988 3.11166 3.12319 3.13524 3.14747 3.18628 3.23772 3.26452 3.26593 3.25087 3.24351 3.2473 3.26325 3.28875 3.30332 3.30675 3.30737 3.30627 3.30312 3.29893 3.29352 3.28615 3.27605 3.2622 3.23553 3.19686 3.16643 3.14528 3.13329 3.12855 3.10687 3.05912 2.98547 2.93293 2.91583 2.89874 2.88265 2.86245 2.84055 2.82237 2.80695 2.79409 2.7849 2.77884 2.7754 ;
3.07313 3.07714 3.0853 3.09752 3.11009 3.12114 3.13308 3.14583 3.18374 3.23352 3.25856 3.25494 3.23412 3.22235 3.22682 3.24828 3.27927 3.29859 3.30396 3.30457 3.30312 3.30224 3.29747 3.28945 3.28198 3.27175 3.2553 3.22383 3.17889 3.14193 3.11952 3.11177 3.11345 3.09695 3.05141 2.97986 2.9279 2.91092 2.8945 2.87786 2.8587 2.83748 2.8188 2.80326 2.79118 2.78171 2.77513 2.77207 ;
3.069 3.07298 3.0812 3.09341 3.10601 3.11731 3.1292 3.14204 3.18017 3.23014 3.25539 3.25133 3.23008 3.21855 3.22272 3.24447 3.27554 3.29485 3.30076 3.30097 3.29893 3.29747 3.29257 3.28465 3.27725 3.26637 3.2504 3.21871 3.17301 3.13551 3.11249 3.10452 3.10649 3.08999 3.04434 2.97274 2.92055 2.90296 2.88621 2.87064 2.85105 2.82949 2.81106 2.79578 2.78349 2.77402 2.7676 2.76429 ;
3.06145 3.06543 3.07355 3.08659 3.09985 3.11154 3.124 3.13633 3.17545 3.22767 3.25442 3.25499 3.23943 3.23192 3.23585 3.25163 3.27737 3.2922 3.29581 3.29619 3.29352 3.28945 3.28465 3.27917 3.27135 3.26086 3.24679 3.21996 3.17992 3.14825 3.12564 3.11185 3.10596 3.0828 3.03503 2.96212 2.9093 2.89267 2.87632 2.85988 2.84054 2.81887 2.8005 2.7852 2.77276 2.76354 2.75716 2.75383 ;
3.0547 3.05898 3.06751 3.0804 3.09439 3.10639 3.11811 3.13048 3.17006 3.22359 3.25034 3.25826 3.25883 3.25702 3.26175 3.27134 3.27965 3.28706 3.28835 3.28734 3.28615 3.28198 3.27725 3.27135 3.26311 3.25392 3.24095 3.22118 3.20004 3.17511 3.15236 3.13144 3.10292 3.06961 3.02133 2.94812 2.89812 2.88232 2.86624 2.85048 2.83051 2.80909 2.79088 2.7754 2.76287 2.75335 2.74724 2.74401 ;
3.04779 3.05222 3.06134 3.07506 3.0883 3.09988 3.11197 3.12415 3.16541 3.22012 3.24843 3.26272 3.27076 3.27396 3.27822 3.28235 3.2828 3.28317 3.28179 3.27819 3.27605 3.27175 3.26637 3.26086 3.25392 3.24775 3.23665 3.22319 3.20985 3.19067 3.16844 3.1411 3.10277 3.0609 3.01059 2.93635 2.88438 2.86963 2.85487 2.83906 2.81999 2.79862 2.78037 2.76537 2.75334 2.74417 2.73779 2.73509 ;
3.04048 3.04519 3.05444 3.06794 3.08183 3.09363 3.10593 3.11929 3.16173 3.21741 3.24733 3.26352 3.2728 3.27795 3.28245 3.28368 3.28153 3.27869 3.27223 3.26637 3.2622 3.2553 3.2504 3.24679 3.24095 3.23665 3.23018 3.21935 3.20792 3.19095 3.16856 3.13907 3.09898 3.05494 3.00315 2.92826 2.87565 2.85971 2.84375 2.82848 2.80919 2.7881 2.77019 2.75532 2.74343 2.7344 2.72878 2.72574 ;
3.03245 3.03724 3.04669 3.06071 3.07464 3.08701 3.10011 3.11364 3.15639 3.21221 3.24246 3.25982 3.27114 3.27777 3.28166 3.2819 3.2772 3.27097 3.26166 3.24786 3.23553 3.22383 3.21871 3.21996 3.22118 3.22319 3.21935 3.2111 3.20013 3.18273 3.16045 3.1302 3.08954 3.04623 2.99453 2.91949 2.86648 2.85013 2.83448 2.81863 2.79945 2.77815 2.76042 2.7459 2.7343 2.72614 2.72052 2.71772 ;
3.0207 3.02565 3.03512 3.04892 3.06338 3.07621 3.08972 3.10454 3.14884 3.2047 3.23585 3.25436 3.26593 3.27305 3.27592 3.27509 3.27003 3.2619 3.25053 3.22793 3.19686 3.17889 3.17301 3.17992 3.20004 3.20985 3.20792 3.20013 3.18502 3.16663 3.14515 3.11585 3.08001 3.03723 2.98453 2.9096 2.85461 2.83717 2.82073 2.80533 2.7866 2.76613 2.74832 2.73378 2.72303 2.71487 2.70948 2.70673 ;
3.00394 3.00917 3.01916 3.03395 3.04913 3.06317 3.07814 3.09312 3.13646 3.19237 3.22383 3.24268 3.25596 3.26545 3.26749 3.26325 3.257 3.24709 3.23287 3.20466 3.16643 3.14193 3.13551 3.14825 3.17511 3.19067 3.19095 3.18273 3.16663 3.15098 3.13074 3.10088 3.06551 3.02431 2.97145 2.89618 2.84219 2.8239 2.80609 2.78913 2.76981 2.74878 2.73126 2.71725 2.70638 2.69891 2.69397 2.69147 ;
2.98532 2.98964 2.99941 3.01459 3.03032 3.04396 3.05805 3.07283 3.11619 3.17157 3.20284 3.22389 3.24042 3.25096 3.25075 3.24541 3.23812 3.22712 3.21312 3.1842 3.14528 3.11952 3.11249 3.12564 3.15236 3.16844 3.16856 3.16045 3.14515 3.13074 3.11375 3.08368 3.04618 3.00416 2.95247 2.8768 2.8217 2.80449 2.78712 2.76984 2.74916 2.72773 2.71078 2.69779 2.68818 2.68099 2.67657 2.67454 ;
2.96179 2.96579 2.97426 2.98832 3.00309 3.01609 3.02956 3.04363 3.08604 3.13968 3.1716 3.19544 3.21347 3.22164 3.2221 3.21867 3.21164 3.2026 3.19048 3.16673 3.13329 3.11177 3.10452 3.11185 3.13144 3.1411 3.13907 3.1302 3.11585 3.10088 3.08368 3.05734 3.01933 2.97657 2.92555 2.85196 2.79817 2.77998 2.76278 2.74603 2.72627 2.70565 2.68967 2.67697 2.66683 2.6599 2.65569 2.6539 ;
2.93216 2.93666 2.9454 2.95792 2.97147 2.98387 2.99628 3.00871 3.04558 3.09592 3.12855 3.15397 3.1733 3.18278 3.18551 3.18332 3.17676 3.16967 3.15828 3.14292 3.12855 3.11345 3.10649 3.10596 3.10292 3.10277 3.09898 3.08954 3.08001 3.06551 3.04618 3.01933 2.98226 2.93978 2.89009 2.81981 2.76973 2.75356 2.73663 2.71986 2.70075 2.68127 2.66531 2.65256 2.64296 2.63617 2.63234 2.63052 ;
2.8942 2.89895 2.90707 2.91897 2.93086 2.94147 2.9529 2.96437 2.99938 3.04751 3.08027 3.1059 3.12651 3.13834 3.14241 3.14045 3.13559 3.12974 3.12039 3.11273 3.10687 3.09695 3.08999 3.0828 3.06961 3.0609 3.05494 3.04623 3.03723 3.02431 3.00416 2.97657 2.93978 2.89797 2.84895 2.78167 2.73382 2.71796 2.70261 2.68776 2.66991 2.65017 2.63413 2.62182 2.6132 2.60752 2.60331 2.60104 ;
2.84656 2.84966 2.8573 2.8684 2.87949 2.88959 2.90082 2.91305 2.94913 2.99569 3.02535 3.05119 3.0711 3.08287 3.08716 3.08603 3.08283 3.07755 3.07045 3.06463 3.05912 3.05141 3.04434 3.03503 3.02133 3.01059 3.00315 2.99453 2.98453 2.97145 2.95247 2.92555 2.89009 2.84895 2.80405 2.73984 2.69198 2.67633 2.66119 2.64694 2.6303 2.61246 2.59742 2.58602 2.57766 2.57125 2.56721 2.56528 ;
2.80509 2.80747 2.81249 2.82161 2.83139 2.83935 2.8472 2.85641 2.88614 2.92378 2.95097 2.97469 2.99228 3.00298 3.00762 3.0073 3.00432 2.99953 2.99318 2.98916 2.98547 2.97986 2.97274 2.96212 2.94812 2.93635 2.92826 2.91949 2.9096 2.89618 2.8768 2.85196 2.81981 2.78167 2.73984 2.68519 2.64481 2.63212 2.62066 2.60888 2.59392 2.57788 2.5658 2.55639 2.5488 2.54301 2.5388 2.53655 ;
2.78666 2.78862 2.79264 2.79951 2.80728 2.81331 2.81866 2.82484 2.84149 2.87223 2.89868 2.92025 2.93462 2.94517 2.95085 2.94971 2.94822 2.94383 2.93834 2.93683 2.93293 2.9279 2.92055 2.9093 2.89812 2.88438 2.87565 2.86648 2.85461 2.84219 2.8217 2.79817 2.76973 2.73382 2.69197 2.64481 2.61823 2.60773 2.59879 2.59031 2.5778 2.56323 2.55211 2.54411 2.53716 2.53255 2.52852 2.5252 ;
2.78196 2.7838 2.78802 2.79425 2.80155 2.80688 2.81226 2.8146 2.82806 2.85594 2.88226 2.90264 2.91596 2.92623 2.93216 2.93105 2.93132 2.9268 2.92227 2.92063 2.91583 2.91092 2.90296 2.89267 2.88232 2.86963 2.85971 2.85013 2.83717 2.8239 2.80449 2.77998 2.75356 2.71796 2.67633 2.63212 2.60773 2.60362 2.59383 2.58496 2.57339 2.56174 2.55069 2.54174 2.53593 2.53026 2.52664 2.5247 ;
2.77799 2.78048 2.78291 2.78865 2.79482 2.80011 2.80246 2.8038 2.81568 2.8404 2.86584 2.88527 2.89781 2.908 2.913 2.9139 2.9147 2.9104 2.90652 2.90395 2.89874 2.8945 2.88621 2.87632 2.86624 2.85487 2.84375 2.83448 2.82073 2.80609 2.78712 2.76278 2.73663 2.70261 2.66119 2.62066 2.59879 2.59383 2.58984 2.57935 2.56918 2.55824 2.54979 2.54088 2.53349 2.52931 2.52585 2.52477 ;
2.77598 2.777 2.77915 2.7826 2.78837 2.79029 2.79156 2.79292 2.80285 2.82541 2.85004 2.8681 2.8803 2.89007 2.89481 2.89751 2.89817 2.89439 2.89076 2.88654 2.88265 2.87786 2.87064 2.85988 2.85048 2.83906 2.82848 2.81863 2.80533 2.78913 2.76984 2.74603 2.71986 2.68776 2.64694 2.60888 2.59031 2.58496 2.57935 2.57611 2.56456 2.55531 2.54839 2.54082 2.53275 2.5275 2.52625 2.5247 ;
2.77359 2.77353 2.77471 2.77715 2.77634 2.7773 2.77828 2.77911 2.78641 2.80704 2.83115 2.84794 2.85991 2.8686 2.87434 2.87786 2.87776 2.87485 2.87057 2.86623 2.86245 2.8587 2.85105 2.84054 2.83051 2.81999 2.80919 2.79945 2.7866 2.76981 2.74916 2.72627 2.70075 2.66991 2.6303 2.59392 2.5778 2.57339 2.56918 2.56456 2.56127 2.55327 2.54629 2.53996 2.53322 2.52758 2.52457 2.5237 ;
2.76912 2.76855 2.76915 2.7669 2.76472 2.76359 2.76446 2.7642 2.76866 2.78707 2.80987 2.82687 2.83864 2.84601 2.85293 2.85615 2.85577 2.85254 2.84854 2.8443 2.84055 2.83748 2.82949 2.81887 2.80909 2.79862 2.7881 2.77815 2.76613 2.74878 2.72773 2.70565 2.68127 2.65017 2.61246 2.57788 2.56323 2.56174 2.55824 2.55531 2.55327 2.5508 2.54303 2.53725 2.53302 2.52783 2.52254 2.521 ;
2.76238 2.76222 2.75993 2.75674 2.75464 2.75365 2.7522 2.75119 2.7547 2.77062 2.79173 2.80969 2.82125 2.82872 2.83476 2.83811 2.83709 2.83386 2.82988 2.82584 2.82237 2.8188 2.81106 2.8005 2.79088 2.78037 2.77019 2.76042 2.74832 2.73126 2.71078 2.68967 2.66531 2.63413 2.59742 2.5658 2.55211 2.55069 2.54979 2.54839 2.54629 2.54303 2.54007 2.53393 2.52978 2.52535 2.52118 2.51749 ;
2.75593 2.7534 2.75088 2.74852 2.74529 2.74308 2.74157 2.73951 2.74371 2.75723 2.77793 2.79547 2.80738 2.81517 2.82028 2.82337 2.82203 2.81879 2.81489 2.81028 2.80695 2.80326 2.79578 2.7852 2.7754 2.76537 2.75532 2.7459 2.73378 2.71725 2.69779 2.67697 2.65256 2.62182 2.58602 2.55639 2.54411 2.54174 2.54088 2.54082 2.53996 2.53725 2.53393 2.53189 2.52527 2.52089 2.51689 2.51478 ;
2.74921 2.74641 2.74395 2.7411 2.73769 2.73408 2.7316 2.73248 2.73401 2.74668 2.76772 2.78458 2.7967 2.80438 2.80935 2.81211 2.81051 2.80719 2.803 2.79776 2.79409 2.79118 2.78349 2.77276 2.76287 2.75334 2.74343 2.7343 2.72303 2.70638 2.68818 2.66683 2.64296 2.6132 2.57766 2.5488 2.53716 2.53593 2.53349 2.53275 2.53322 2.53302 2.52978 2.52527 2.5231 2.51525 2.51215 2.51302 ;
2.74142 2.74227 2.73969 2.73568 2.73177 2.72889 2.7276 2.72527 2.72603 2.7383 2.75997 2.77691 2.78898 2.79689 2.8014 2.80389 2.80247 2.79858 2.79393 2.78828 2.7849 2.78171 2.77402 2.76354 2.75335 2.74417 2.7344 2.72614 2.71487 2.69891 2.68099 2.6599 2.63617 2.60752 2.57125 2.54301 2.53255 2.53026 2.52931 2.5275 2.52758 2.52783 2.52535 2.52089 2.51525 2.51376 2.51111 2.51078 ;
2.73675 2.73774 2.73712 2.7326 2.72938 2.72751 2.72381 2.72078 2.72059 2.73234 2.75405 2.772 2.78405 2.79281 2.79626 2.79853 2.79697 2.79277 2.78804 2.78218 2.77884 2.77513 2.7676 2.75716 2.74724 2.73779 2.72878 2.72052 2.70948 2.69397 2.67657 2.65569 2.63234 2.60331 2.56721 2.5388 2.52852 2.52664 2.52585 2.52625 2.52457 2.52254 2.52118 2.51689 2.51215 2.51111 2.51206 2.50865 ;
2.73577 2.73507 2.73386 2.73253 2.72937 2.72499 2.72142 2.71891 2.71826 2.72898 2.7509 2.76914 2.7822 2.79065 2.79423 2.79582 2.79383 2.78976 2.78549 2.77929 2.7754 2.77207 2.76429 2.75383 2.74401 2.73509 2.72574 2.71772 2.70673 2.69147 2.67454 2.6539 2.63052 2.60104 2.56528 2.53655 2.5252 2.5247 2.52477 2.5247 2.5237 2.521 2.51749 2.51478 2.51302 2.51078 2.50865 2.50889 ;
];

nexttile;
surf(X, Y, flux_g1');
title('Group 1');
view(2);
shading interp;
axis equal tight;
colorbar;
% --- Data and Plot for Group 2 ---
flux_g2 = [
1.44092 1.43796 1.4312 1.42401 1.41822 1.41258 1.40653 1.40031 1.37781 1.33771 1.29988 1.26685 1.23711 1.21072 1.18717 1.16791 1.15167 1.13711 1.12618 1.11853 1.11481 1.11595 1.12071 1.12923 1.14281 1.16095 1.1831 1.20998 1.23977 1.27419 1.31489 1.36045 1.41103 1.46718 1.53 1.59656 1.63581 1.64789 1.6601 1.67193 1.68617 1.70366 1.72187 1.73728 1.74915 1.75904 1.76546 1.76887 ;
1.43796 1.43318 1.42572 1.41798 1.4123 1.40707 1.40079 1.39443 1.37167 1.33141 1.29286 1.25961 1.23008 1.20385 1.18024 1.16072 1.14457 1.13002 1.11914 1.11141 1.10778 1.10881 1.11361 1.1222 1.13577 1.15395 1.17615 1.20298 1.23277 1.26742 1.30828 1.35371 1.40422 1.46041 1.52349 1.59062 1.63041 1.64263 1.65497 1.66717 1.68157 1.69999 1.71892 1.73504 1.74693 1.75554 1.76195 1.76483 ;
1.4312 1.42572 1.4164 1.4077 1.401 1.39553 1.38892 1.38188 1.35841 1.31741 1.27858 1.24494 1.21568 1.18915 1.1653 1.14604 1.1298 1.11526 1.10434 1.0967 1.09299 1.09406 1.09886 1.10749 1.12115 1.13929 1.16159 1.1885 1.21837 1.25286 1.29406 1.33991 1.39025 1.44659 1.51005 1.57794 1.61816 1.63072 1.6435 1.65625 1.67166 1.69163 1.71227 1.72941 1.74248 1.75164 1.7578 1.76086 ;
1.42401 1.41798 1.4077 1.39394 1.38386 1.37604 1.36842 1.36118 1.3363 1.29439 1.25558 1.22189 1.19219 1.16507 1.1411 1.12203 1.10579 1.09151 1.08039 1.07295 1.06913 1.07017 1.07501 1.08371 1.09753 1.11555 1.1381 1.16483 1.19479 1.22918 1.27059 1.3172 1.36806 1.42464 1.48841 1.55707 1.59811 1.61077 1.62404 1.63778 1.65695 1.68239 1.7051 1.72355 1.73795 1.74776 1.75438 1.75783 ;
1.41822 1.4123 1.401 1.38386 1.36812 1.35935 1.35066 1.34303 1.31784 1.2748 1.23631 1.20249 1.17205 1.14504 1.12072 1.10148 1.08542 1.07129 1.06045 1.05301 1.04904 1.04994 1.0548 1.06364 1.07764 1.0957 1.11796 1.14462 1.1744 1.20908 1.25079 1.29743 1.34922 1.40625 1.46996 1.53965 1.58114 1.59386 1.60771 1.62154 1.64595 1.67583 1.6996 1.71934 1.73426 1.74464 1.75121 1.75487 ;
1.41258 1.40707 1.39553 1.37604 1.35935 1.34989 1.34149 1.33281 1.30726 1.26368 1.22477 1.19107 1.16034 1.13372 1.10931 1.08938 1.0736 1.0595 1.04896 1.0418 1.03764 1.0382 1.04303 1.0522 1.06638 1.08414 1.1061 1.13269 1.16218 1.19747 1.23927 1.28565 1.33787 1.39511 1.45932 1.52967 1.57147 1.58481 1.59853 1.61233 1.63776 1.67006 1.69497 1.71496 1.7302 1.74168 1.7485 1.75193 ;
1.40653 1.40079 1.38892 1.36842 1.35066 1.34149 1.33205 1.32351 1.29617 1.25157 1.21235 1.1789 1.14816 1.1215 1.09769 1.07697 1.06119 1.04732 1.03656 1.02989 1.026 1.02598 1.03081 1.0405 1.05442 1.07164 1.09386 1.12009 1.14961 1.18553 1.22681 1.27326 1.32576 1.38297 1.44758 1.51894 1.56217 1.57566 1.58955 1.60338 1.6296 1.66335 1.68934 1.70976 1.72591 1.73757 1.74529 1.74859 ;
1.40031 1.39443 1.38188 1.36118 1.34303 1.33281 1.32351 1.31426 1.28422 1.23783 1.19954 1.16591 1.13521 1.10811 1.08531 1.06446 1.04829 1.03453 1.02323 1.01707 1.01325 1.01367 1.01843 1.02771 1.04152 1.05821 1.0809 1.10697 1.13678 1.17282 1.21303 1.25991 1.31289 1.37032 1.43397 1.50703 1.55301 1.56704 1.581 1.59542 1.62225 1.65687 1.68337 1.70446 1.72122 1.73318 1.74063 1.74448 ;
1.37781 1.37167 1.35841 1.3363 1.31784 1.30726 1.29617 1.28422 1.24636 1.19532 1.15746 1.12314 1.09175 1.06466 1.04256 1.02297 1.00661 0.992917 0.980937 0.973375 0.969918 0.969851 0.974614 0.984227 0.99752 1.01549 1.03862 1.06454 1.09435 1.12906 1.16822 1.21535 1.26988 1.32845 1.39143 1.4696 1.52396 1.54057 1.55607 1.57095 1.5987 1.63509 1.66333 1.68564 1.7032 1.71586 1.72402 1.72805 ;
1.33771 1.33141 1.31741 1.29439 1.2748 1.26368 1.25157 1.23783 1.19532 1.13852 1.09904 1.06376 1.03155 1.00459 0.982658 0.963135 0.946936 0.933499 0.920921 0.911816 0.906627 0.904608 0.909272 0.920673 0.935535 0.95488 0.978467 1.0039 1.0334 1.06787 1.1068 1.15415 1.21029 1.27053 1.33534 1.41982 1.47939 1.49772 1.5145 1.53022 1.55954 1.59803 1.62847 1.65238 1.67101 1.68515 1.69434 1.69875 ;
1.29988 1.29286 1.27858 1.25558 1.23631 1.22477 1.21235 1.19954 1.15746 1.09904 1.05779 1.02219 0.989768 0.962704 0.940632 0.920695 0.902895 0.888663 0.874159 0.862508 0.856381 0.85245 0.857053 0.870252 0.885981 0.907798 0.933236 0.959368 0.990455 1.0254 1.06474 1.11255 1.1692 1.23017 1.29705 1.38372 1.44337 1.46112 1.47834 1.49475 1.52441 1.56371 1.59528 1.6203 1.63954 1.65369 1.66332 1.6681 ;
1.26685 1.25961 1.24494 1.22189 1.20249 1.19107 1.1789 1.16591 1.12314 1.06376 1.02219 0.986498 0.95499 0.928948 0.906834 0.887122 0.86849 0.852514 0.835569 0.815489 0.799094 0.788577 0.79304 0.812736 0.838717 0.868995 0.896843 0.924697 0.956717 0.991636 1.03122 1.07829 1.13446 1.19576 1.26335 1.35155 1.41225 1.43015 1.44728 1.46363 1.4937 1.53345 1.56538 1.59095 1.61069 1.62502 1.63439 1.6392 ;
1.23711 1.23008 1.21568 1.19219 1.17205 1.16034 1.14816 1.13521 1.09175 1.03155 0.989768 0.95499 0.925079 0.900001 0.87791 0.858126 0.840015 0.822435 0.804546 0.774543 0.734902 0.716192 0.720394 0.74806 0.79753 0.837838 0.866601 0.89613 0.927676 0.962713 1.0023 1.04883 1.10412 1.16499 1.23315 1.32226 1.38344 1.40138 1.41852 1.43522 1.46613 1.50648 1.53859 1.56423 1.58422 1.59886 1.60849 1.61331 ;
1.21072 1.20385 1.18915 1.16507 1.14504 1.13372 1.1215 1.10811 1.06466 1.00459 0.962704 0.928948 0.900001 0.875352 0.853354 0.83329 0.814682 0.795983 0.776622 0.741055 0.693963 0.670586 0.674717 0.706939 0.763915 0.809776 0.840006 0.870675 0.902687 0.937988 0.977642 1.02418 1.07891 1.13904 1.20767 1.29697 1.35832 1.37661 1.39384 1.41022 1.44103 1.48205 1.51449 1.54007 1.55989 1.57455 1.58428 1.58899 ;
1.18717 1.18024 1.1653 1.1411 1.12072 1.10931 1.09769 1.08531 1.04256 0.982658 0.940632 0.906834 0.87791 0.853354 0.831589 0.812044 0.794479 0.776379 0.757449 0.722805 0.676169 0.653255 0.657268 0.689063 0.745526 0.790447 0.820313 0.850341 0.88121 0.916025 0.95575 1.00231 1.05699 1.11746 1.18666 1.2761 1.33681 1.35412 1.37072 1.38714 1.41844 1.45969 1.49246 1.51824 1.53829 1.55315 1.56282 1.56762 ;
1.16791 1.16072 1.14604 1.12203 1.10148 1.08938 1.07697 1.06446 1.02297 0.963135 0.920695 0.887121 0.858126 0.83329 0.812044 0.794482 0.778502 0.762002 0.745978 0.718029 0.680117 0.663501 0.667626 0.692985 0.740651 0.778816 0.805682 0.834153 0.86346 0.89633 0.935628 0.982545 1.03743 1.09784 1.16762 1.25708 1.31661 1.33413 1.35155 1.36874 1.40022 1.44144 1.47408 1.50014 1.52034 1.53508 1.54484 1.54974 ;
1.15167 1.14457 1.1298 1.10579 1.08542 1.0736 1.06119 1.04829 1.00661 0.946936 0.902895 0.86849 0.840015 0.814682 0.794479 0.778502 0.762735 0.749765 0.736535 0.719213 0.70476 0.696366 0.700732 0.71806 0.741942 0.769267 0.793139 0.818 0.847184 0.878451 0.916716 0.964296 1.0187 1.08021 1.15189 1.24143 1.30132 1.31927 1.33679 1.35366 1.38496 1.42609 1.4588 1.48475 1.50482 1.51958 1.52934 1.53416 ;
1.13711 1.13002 1.11526 1.09151 1.07129 1.0595 1.04732 1.03453 0.992917 0.933499 0.888662 0.852514 0.822435 0.795983 0.776379 0.762002 0.749765 0.740954 0.731878 0.723066 0.719035 0.716728 0.721169 0.732425 0.745782 0.764509 0.784181 0.804723 0.830219 0.859653 0.897353 0.946246 1.00263 1.06621 1.139 1.22847 1.28842 1.30635 1.32357 1.34047 1.37166 1.41267 1.44535 1.47139 1.49157 1.5064 1.51614 1.52105 ;
1.12618 1.11914 1.10434 1.08039 1.06045 1.04896 1.03656 1.02323 0.980937 0.920921 0.874158 0.835569 0.804546 0.776622 0.757449 0.745978 0.736535 0.731878 0.727114 0.722434 0.721101 0.721215 0.725663 0.734418 0.744944 0.759488 0.77464 0.790808 0.813304 0.839662 0.876975 0.927734 0.985241 1.05172 1.12678 1.21717 1.27806 1.29649 1.31406 1.33065 1.3616 1.4027 1.43552 1.46147 1.48166 1.49654 1.50633 1.51112 ;
1.11853 1.11141 1.0967 1.07295 1.05301 1.0418 1.02989 1.01707 0.973375 0.911816 0.862508 0.815489 0.774542 0.741055 0.722805 0.718029 0.719213 0.723066 0.722434 0.721174 0.723006 0.724472 0.728907 0.736365 0.743685 0.754582 0.765397 0.772225 0.783121 0.802023 0.838148 0.895031 0.963964 1.0401 1.11829 1.21059 1.27309 1.29108 1.30811 1.32448 1.35537 1.39642 1.42913 1.45523 1.47544 1.49029 1.50011 1.50501 ;
1.11481 1.10778 1.09299 1.06913 1.04904 1.03764 1.026 1.01325 0.969918 0.906627 0.856381 0.799093 0.734902 0.693963 0.676169 0.680117 0.70476 0.719035 0.721101 0.723006 0.724406 0.72703 0.731453 0.737822 0.745486 0.753158 0.761234 0.756777 0.742062 0.751085 0.785986 0.851097 0.946491 1.03455 1.11395 1.20844 1.2707 1.28869 1.30552 1.32201 1.3532 1.39426 1.42709 1.45315 1.47344 1.4884 1.49822 1.5031 ;
1.11595 1.10881 1.09406 1.07017 1.04994 1.0382 1.02598 1.01367 0.969851 0.904608 0.85245 0.788577 0.716192 0.670586 0.653255 0.663501 0.696366 0.716728 0.721215 0.724472 0.72703 0.731228 0.735764 0.740483 0.747086 0.753295 0.758813 0.747838 0.724198 0.726321 0.760594 0.830976 0.935891 1.03165 1.11328 1.20991 1.27275 1.2902 1.3076 1.32464 1.35581 1.39694 1.42976 1.45596 1.4763 1.49122 1.50109 1.50599 ;
1.12071 1.11361 1.09886 1.07501 1.0548 1.04303 1.03081 1.01843 0.974614 0.909272 0.857053 0.79304 0.720394 0.674716 0.657268 0.667626 0.700732 0.721169 0.725663 0.728907 0.731453 0.735764 0.740309 0.745215 0.751929 0.758334 0.76402 0.753116 0.729416 0.731645 0.766189 0.836993 0.942444 1.03856 1.12037 1.21699 1.27988 1.29754 1.31504 1.33187 1.36303 1.404 1.43673 1.46284 1.48312 1.49804 1.50785 1.51271 ;
1.12923 1.1222 1.10749 1.08371 1.06364 1.0522 1.0405 1.02771 0.984227 0.920673 0.870252 0.812735 0.74806 0.706939 0.689063 0.692985 0.71806 0.732425 0.734418 0.736365 0.737822 0.740483 0.745215 0.751992 0.760165 0.768218 0.776893 0.772834 0.758254 0.76785 0.803552 0.869942 0.967189 1.05665 1.13645 1.23077 1.29296 1.31085 1.32743 1.34386 1.37464 1.41536 1.44787 1.47368 1.49377 1.50855 1.51828 1.52314 ;
1.14281 1.13577 1.12115 1.09753 1.07764 1.06638 1.05442 1.04152 0.997519 0.935535 0.88598 0.838717 0.797529 0.763915 0.745526 0.740651 0.741942 0.745782 0.744944 0.743685 0.745486 0.747086 0.751929 0.760165 0.76817 0.779938 0.791895 0.799666 0.8114 0.831497 0.868948 0.927996 1.00025 1.07869 1.1575 1.24925 1.31074 1.32823 1.34492 1.36082 1.39121 1.43152 1.46371 1.48937 1.50924 1.52388 1.53352 1.5383 ;
1.16095 1.15395 1.13929 1.11555 1.0957 1.08414 1.07164 1.05821 1.01549 0.95488 0.907797 0.868995 0.837838 0.809776 0.790447 0.778816 0.769267 0.764508 0.759488 0.754581 0.753158 0.753295 0.758334 0.768218 0.779938 0.795734 0.812647 0.83035 0.854433 0.882578 0.921659 0.975229 1.03672 1.10594 1.18182 1.27133 1.33089 1.34869 1.36567 1.38196 1.41208 1.45219 1.48424 1.50964 1.52937 1.54386 1.55344 1.55815 ;
1.1831 1.17615 1.16159 1.13809 1.11796 1.1061 1.09386 1.0809 1.03862 0.978466 0.933235 0.896842 0.866601 0.840006 0.820312 0.805682 0.793138 0.784181 0.77464 0.765396 0.761234 0.758813 0.76402 0.776893 0.791895 0.812647 0.834608 0.857437 0.885059 0.916814 0.956615 1.00849 1.06918 1.13555 1.20889 1.29746 1.35615 1.37343 1.39016 1.40653 1.43692 1.4767 1.50843 1.5337 1.55333 1.5678 1.57724 1.582 ;
1.20998 1.20298 1.1885 1.16483 1.14462 1.13269 1.12009 1.10697 1.06454 1.0039 0.959368 0.924696 0.89613 0.870675 0.850341 0.834153 0.818 0.804723 0.790808 0.772225 0.756777 0.747838 0.753116 0.772834 0.799666 0.83035 0.857437 0.885525 0.91829 0.952702 0.993338 1.04368 1.10154 1.16498 1.23698 1.32542 1.38397 1.40143 1.41835 1.4347 1.46493 1.50474 1.53634 1.56145 1.58088 1.59513 1.6046 1.60928 ;
1.23977 1.23277 1.21837 1.19479 1.1744 1.16218 1.14961 1.13678 1.09435 1.0334 0.990455 0.956716 0.927675 0.902687 0.881209 0.86346 0.847183 0.830219 0.813304 0.783121 0.742062 0.724198 0.729416 0.758254 0.811399 0.854432 0.885059 0.91829 0.953589 0.990822 1.03271 1.08164 1.13753 1.19863 1.2684 1.3565 1.41473 1.43165 1.44856 1.46518 1.49555 1.5352 1.56668 1.59175 1.6112 1.62548 1.6349 1.63959 ;
1.27419 1.26742 1.25286 1.22918 1.20908 1.19747 1.18553 1.17282 1.12906 1.06787 1.0254 0.991636 0.962712 0.937987 0.916025 0.89633 0.878451 0.859653 0.839662 0.802023 0.751084 0.726321 0.731645 0.76785 0.831497 0.882578 0.916814 0.952702 0.990822 1.03072 1.07318 1.12091 1.17529 1.23535 1.30406 1.39188 1.45117 1.46797 1.484 1.49993 1.52995 1.56947 1.60087 1.62563 1.64487 1.65909 1.66844 1.67313 ;
1.31489 1.30828 1.29406 1.27059 1.25079 1.23927 1.22681 1.21303 1.16822 1.1068 1.06474 1.03122 1.0023 0.977641 0.955749 0.935628 0.916716 0.897352 0.876975 0.838148 0.785986 0.760593 0.766189 0.803552 0.868948 0.921659 0.956615 0.993338 1.03271 1.07318 1.11506 1.16234 1.21623 1.27519 1.34279 1.43022 1.49011 1.50783 1.52448 1.54028 1.5698 1.60885 1.63975 1.66413 1.68308 1.69714 1.70645 1.711 ;
1.36045 1.35371 1.3399 1.3172 1.29742 1.28565 1.27326 1.25991 1.21535 1.15415 1.11255 1.07829 1.04883 1.02418 1.00231 0.982544 0.964296 0.946245 0.927733 0.895031 0.851097 0.830976 0.836993 0.869942 0.927996 0.975228 1.00849 1.04368 1.08164 1.12091 1.16234 1.20863 1.26209 1.32075 1.38719 1.47415 1.53358 1.55104 1.56766 1.58375 1.61313 1.65134 1.68168 1.70605 1.72508 1.73905 1.74828 1.75288 ;
1.41102 1.40422 1.39025 1.36806 1.34922 1.33787 1.32576 1.31289 1.26988 1.21029 1.1692 1.13446 1.10412 1.07891 1.05699 1.03743 1.0187 1.00263 0.985241 0.963963 0.94649 0.935891 0.942443 0.967189 1.00025 1.03672 1.06918 1.10154 1.13753 1.17529 1.21623 1.26209 1.31484 1.37294 1.43808 1.52356 1.58234 1.59943 1.61591 1.63164 1.66003 1.69734 1.72738 1.75144 1.77014 1.78386 1.79275 1.79719 ;
1.46718 1.46041 1.44659 1.42464 1.40625 1.39511 1.38297 1.37032 1.32845 1.27053 1.23017 1.19576 1.16499 1.13904 1.11746 1.09784 1.0802 1.06621 1.05172 1.0401 1.03455 1.03165 1.03856 1.05665 1.07869 1.10594 1.13555 1.16498 1.19863 1.23535 1.27519 1.32075 1.37294 1.42994 1.4937 1.57703 1.63458 1.6516 1.66796 1.68348 1.71124 1.74794 1.77745 1.80099 1.81912 1.83238 1.84121 1.84552 ;
1.52999 1.52349 1.51005 1.48841 1.46996 1.45932 1.44758 1.43397 1.39143 1.33534 1.29705 1.26335 1.23315 1.20767 1.18666 1.16762 1.15189 1.139 1.12678 1.11828 1.11395 1.11328 1.12037 1.13645 1.1575 1.18182 1.20889 1.23698 1.2684 1.30406 1.34279 1.38719 1.43808 1.49369 1.55468 1.63537 1.69285 1.71046 1.72631 1.74101 1.76828 1.80399 1.83239 1.85488 1.87223 1.885 1.89343 1.8977 ;
1.59656 1.59062 1.57794 1.55707 1.53965 1.52967 1.51894 1.50703 1.4696 1.41982 1.38372 1.35155 1.32226 1.29697 1.2761 1.25708 1.24143 1.22847 1.21717 1.21059 1.20844 1.20991 1.21699 1.23076 1.24925 1.27133 1.29746 1.32542 1.3565 1.39188 1.43022 1.47415 1.52356 1.57703 1.63537 1.70878 1.76041 1.77627 1.79086 1.80467 1.83021 1.86396 1.89041 1.91112 1.92714 1.93889 1.94667 1.9506 ;
1.6358 1.63041 1.61816 1.5981 1.58114 1.57147 1.56217 1.55301 1.52395 1.47939 1.44337 1.41225 1.38344 1.35831 1.33681 1.31661 1.30132 1.28842 1.27806 1.27309 1.2707 1.27275 1.27988 1.29296 1.31073 1.33089 1.35615 1.38397 1.41473 1.45117 1.49011 1.53358 1.58234 1.63458 1.69285 1.76041 1.80292 1.8164 1.82947 1.84281 1.86744 1.89961 1.9248 1.94414 1.95943 1.97055 1.97795 1.98165 ;
1.64789 1.64263 1.63072 1.61077 1.59386 1.58481 1.57566 1.56704 1.54057 1.49772 1.46111 1.43015 1.40138 1.37661 1.35412 1.33413 1.31927 1.30635 1.29649 1.29108 1.28869 1.2902 1.29754 1.31085 1.32823 1.34869 1.37343 1.40143 1.43165 1.46797 1.50783 1.55104 1.59943 1.6516 1.71046 1.77627 1.8164 1.82864 1.84202 1.8548 1.87919 1.91083 1.93526 1.95427 1.96887 1.98002 1.98725 1.99067 ;
1.6601 1.65497 1.6435 1.62404 1.6077 1.59853 1.58955 1.581 1.55606 1.5145 1.47834 1.44728 1.41852 1.39384 1.37072 1.35155 1.33679 1.32357 1.31405 1.30811 1.30552 1.3076 1.31504 1.32743 1.34492 1.36567 1.39016 1.41835 1.44856 1.484 1.52448 1.56766 1.61591 1.66796 1.72631 1.79086 1.82947 1.84202 1.85482 1.86811 1.89153 1.92237 1.94608 1.96421 1.97819 1.98871 1.9958 1.99924 ;
1.67192 1.66717 1.65625 1.63778 1.62153 1.61233 1.60337 1.59542 1.57095 1.53022 1.49475 1.46363 1.43522 1.41022 1.38714 1.36874 1.35365 1.34047 1.33065 1.32448 1.32201 1.32464 1.33187 1.34386 1.36082 1.38196 1.40653 1.4347 1.46517 1.49993 1.54028 1.58375 1.63164 1.68348 1.74101 1.80467 1.84281 1.8548 1.86811 1.88099 1.90457 1.93365 1.95627 1.97363 1.98682 1.99721 2.00393 2.00723 ;
1.68617 1.68157 1.67165 1.65695 1.64595 1.63776 1.6296 1.62225 1.5987 1.55954 1.52441 1.4937 1.46613 1.44103 1.41844 1.40022 1.38496 1.37166 1.3616 1.35537 1.3532 1.35581 1.36302 1.37464 1.39121 1.41208 1.43692 1.46493 1.49555 1.52995 1.5698 1.61313 1.66003 1.71124 1.76828 1.83021 1.86744 1.87919 1.89153 1.90457 1.9228 1.94736 1.96821 1.98447 1.99721 2.00656 2.01316 2.01642 ;
1.70366 1.69999 1.69163 1.68239 1.67582 1.67006 1.66335 1.65687 1.63508 1.59803 1.56371 1.53345 1.50648 1.48205 1.45969 1.44143 1.42609 1.41267 1.4027 1.39642 1.39426 1.39694 1.404 1.41536 1.43151 1.45219 1.4767 1.50474 1.5352 1.56947 1.60885 1.65134 1.69734 1.74794 1.80399 1.86396 1.89961 1.91083 1.92237 1.93365 1.94736 1.96533 1.98356 1.99775 2.00949 2.01809 2.02384 2.02644 ;
1.72187 1.71892 1.71227 1.70509 1.6996 1.69497 1.68934 1.68337 1.66333 1.62847 1.59528 1.56538 1.53858 1.51448 1.49246 1.47407 1.4588 1.44535 1.43552 1.42912 1.42709 1.42976 1.43673 1.44787 1.46371 1.48424 1.50843 1.53634 1.56668 1.60087 1.63975 1.68168 1.72738 1.77745 1.83239 1.89041 1.9248 1.93526 1.94608 1.95627 1.96821 1.98356 1.99864 2.01168 2.02198 2.03021 2.03487 2.0368 ;
1.73728 1.73504 1.72941 1.72355 1.71934 1.71496 1.70976 1.70446 1.68564 1.65238 1.6203 1.59095 1.56423 1.54007 1.51824 1.50014 1.48475 1.47139 1.46147 1.45523 1.45315 1.45596 1.46284 1.47368 1.48937 1.50964 1.5337 1.56145 1.59175 1.62563 1.66413 1.70605 1.75144 1.80099 1.85488 1.91112 1.94414 1.95427 1.96421 1.97363 1.98447 1.99775 2.01168 2.02345 2.03338 2.0408 2.04545 2.0476 ;
1.74915 1.74693 1.74248 1.73795 1.73426 1.7302 1.72591 1.72122 1.7032 1.67101 1.63954 1.61068 1.58422 1.55989 1.53829 1.52034 1.50482 1.49157 1.48166 1.47544 1.47344 1.47629 1.48312 1.49377 1.50924 1.52937 1.55333 1.58088 1.6112 1.64486 1.68308 1.72508 1.77014 1.81912 1.87223 1.92714 1.95943 1.96887 1.97819 1.98682 1.99721 2.00949 2.02198 2.03338 2.04194 2.04911 2.05344 2.05619 ;
1.75904 1.75554 1.75164 1.74776 1.74464 1.74168 1.73757 1.73318 1.71586 1.68515 1.65369 1.62502 1.59886 1.57455 1.55315 1.53508 1.51958 1.5064 1.49654 1.49029 1.4884 1.49122 1.49804 1.50855 1.52388 1.54386 1.5678 1.59513 1.62548 1.65909 1.69714 1.73905 1.78386 1.83238 1.885 1.93889 1.97055 1.98002 1.98871 1.99721 2.00656 2.01809 2.03021 2.0408 2.04911 2.05442 2.05912 2.06103 ;
1.76545 1.76195 1.7578 1.75437 1.75121 1.7485 1.74529 1.74063 1.72402 1.69434 1.66332 1.63439 1.60849 1.58428 1.56282 1.54484 1.52934 1.51614 1.50633 1.50011 1.49822 1.50109 1.50785 1.51828 1.53352 1.55344 1.57724 1.6046 1.6349 1.66844 1.70645 1.74828 1.79275 1.84121 1.89343 1.94667 1.97795 1.98725 1.9958 2.00393 2.01316 2.02384 2.03486 2.04545 2.05344 2.05912 2.0623 2.06386 ;
1.76887 1.76482 1.76086 1.75783 1.75487 1.75193 1.74859 1.74448 1.72805 1.69875 1.6681 1.6392 1.61331 1.58899 1.56762 1.54974 1.53416 1.52105 1.51112 1.50501 1.5031 1.50598 1.51271 1.52314 1.5383 1.55815 1.58199 1.60928 1.63958 1.67313 1.711 1.75288 1.79719 1.84552 1.8977 1.9506 1.98165 1.99067 1.99923 2.00723 2.01642 2.02644 2.0368 2.0476 2.05619 2.06103 2.06386 2.06563 ;
];

nexttile;
surf(X, Y, flux_g2');
title('Group 2');
view(2);
shading interp;
axis equal tight;
colorbar;

% Add shared labels and title
xlabel(t, 'X position (cm)');
ylabel(t, 'Y position (cm)');
title(t, 'Scalar Flux Distribution');
