#!/usr/bin/env python
# -*- coding: utf-8 -*-
# Python script to plot scalar flux
# Generated by the C++ transport code

import numpy as np
import matplotlib.pyplot as plt

# Mesh Coordinates
x = np.array([0.0234375, 0.0703125, 0.117188, 0.164062, 0.210938, 0.257812, 0.304688, 0.351562, 0.398438, 0.445312, 0.492188, 0.539062, 0.585938, 0.632812, 0.679688, 0.726562, 0.773438, 0.820312, 0.867188, 0.914062, 0.960938, 1.00781, 1.05469, 1.10156, 1.14844, 1.19531, 1.24219, 1.28906, 1.33594, 1.38281, 1.42969, 1.47656, 1.6, 1.8, 2, 2.2, 2.4, 2.6, 2.8, 3, 3.2, 3.4, 3.6, 3.8, 4, 4.2, 4.4, 4.6, 4.8, 5, 5.2, 5.4, 5.6, 5.8, 6, 6.2, 6.4, 6.6, 6.8, 7, 7.2, 7.4, 7.6, 7.8, 7.91563, 7.94688, 7.97813, 8.00938, 8.04063, 8.07188, 8.10313, 8.13438, 8.16563, 8.19688, 8.22813, 8.25938, 8.29063, 8.32188, 8.35313, 8.38438, 8.41563, 8.44688, 8.47813, 8.50938, 8.54063, 8.57188, 8.60313, 8.63438, 8.66563, 8.69688, 8.72813, 8.75938, 8.79063, 8.82188, 8.85313, 8.88438, ])
y = np.array([0.0234375, 0.0703125, 0.117188, 0.164062, 0.210938, 0.257812, 0.304688, 0.351562, 0.398438, 0.445312, 0.492188, 0.539062, 0.585938, 0.632812, 0.679688, 0.726562, 0.773438, 0.820312, 0.867188, 0.914062, 0.960938, 1.00781, 1.05469, 1.10156, 1.14844, 1.19531, 1.24219, 1.28906, 1.33594, 1.38281, 1.42969, 1.47656, 1.6, 1.8, 2, 2.2, 2.4, 2.6, 2.8, 3, 3.2, 3.4, 3.6, 3.8, 4, 4.2, 4.4, 4.6, 4.8, 5, 5.2, 5.4, 5.6, 5.8, 6, 6.2, 6.4, 6.6, 6.8, 7, 7.2, 7.4, 7.6, 7.8, 7.91563, 7.94688, 7.97813, 8.00938, 8.04063, 8.07188, 8.10313, 8.13438, 8.16563, 8.19688, 8.22813, 8.25938, 8.29063, 8.32188, 8.35313, 8.38438, 8.41563, 8.44688, 8.47813, 8.50938, 8.54063, 8.57188, 8.60313, 8.63438, 8.66563, 8.69688, 8.72813, 8.75938, 8.79063, 8.82188, 8.85313, 8.88438, ])

X, Y = np.meshgrid(x, y)

# Create a figure with a tiled layout
fig, axs = plt.subplots(1, 2, figsize=(12, 6), constrained_layout=True)
axs = axs.flatten()

# --- Data and Plot for Group 1 ---
flux_g1 = np.array([
    [2.74235, 2.74147, 2.74103, 2.74091, 2.74115, 2.74151, 2.74219, 2.7429, 2.74348, 2.74445, 2.74525, 2.74625, 2.74743, 2.74851, 2.74982, 2.75131, 2.75276, 2.75454, 2.75706, 2.7597, 2.76205, 2.76432, 2.76672, 2.76879, 2.77029, 2.771, 2.77123, 2.77109, 2.77056, 2.77007, 2.76971, 2.7696, 2.7693, 2.77114, 2.77867, 2.7919, 2.80535, 2.81505, 2.82327, 2.83114, 2.83845, 2.84538, 2.85071, 2.85555, 2.86024, 2.86387, 2.86715, 2.86995, 2.87123, 2.87101, 2.87013, 2.86878, 2.86622, 2.863, 2.85908, 2.8536, 2.84816, 2.84277, 2.83742, 2.83133, 2.82226, 2.81363, 2.81053, 2.81287, 2.8154, 2.81601, 2.81663, 2.81734, 2.81817, 2.81896, 2.81978, 2.82054, 2.82115, 2.82172, 2.82204, 2.82199, 2.8214, 2.82065, 2.82008, 2.81963, 2.81898, 2.81794, 2.81669, 2.81554, 2.81433, 2.81319, 2.81237, 2.81163, 2.81123, 2.81077, 2.8104, 2.81027, 2.80977, 2.8094, 2.80938, 2.80961, ],
    [2.74147, 2.74211, 2.74135, 2.7411, 2.7413, 2.74182, 2.7424, 2.74315, 2.74372, 2.74433, 2.74565, 2.74637, 2.74735, 2.74886, 2.75035, 2.75169, 2.75308, 2.75509, 2.75754, 2.76002, 2.7621, 2.76439, 2.76683, 2.76906, 2.77049, 2.77115, 2.77125, 2.77106, 2.7707, 2.77013, 2.76988, 2.76969, 2.76967, 2.77158, 2.77891, 2.79193, 2.80548, 2.81513, 2.82337, 2.83134, 2.83864, 2.84563, 2.85124, 2.85587, 2.86018, 2.86384, 2.86737, 2.87023, 2.87144, 2.87121, 2.87019, 2.86879, 2.86637, 2.86317, 2.85917, 2.85397, 2.84857, 2.84294, 2.83764, 2.83159, 2.82233, 2.81392, 2.81098, 2.81316, 2.81551, 2.81614, 2.81668, 2.81741, 2.81814, 2.81895, 2.8197, 2.82045, 2.82121, 2.82173, 2.8222, 2.8222, 2.82175, 2.82091, 2.82013, 2.81955, 2.81892, 2.81814, 2.81712, 2.81561, 2.81439, 2.81371, 2.81317, 2.81262, 2.81164, 2.81129, 2.81082, 2.81008, 2.81014, 2.81029, 2.81018, 2.80945, ],
    [2.74103, 2.74135, 2.74217, 2.74177, 2.74193, 2.74235, 2.743, 2.7433, 2.74397, 2.74499, 2.74575, 2.74695, 2.74797, 2.7494, 2.75086, 2.75208, 2.75356, 2.75567, 2.7582, 2.76054, 2.76272, 2.76487, 2.76722, 2.7694, 2.77075, 2.77138, 2.77148, 2.77135, 2.77114, 2.77088, 2.77057, 2.77026, 2.77011, 2.77217, 2.77948, 2.79229, 2.80569, 2.81528, 2.82345, 2.83182, 2.8392, 2.84613, 2.85196, 2.85635, 2.86025, 2.86415, 2.86779, 2.87046, 2.87177, 2.87169, 2.87049, 2.86873, 2.86648, 2.86367, 2.85955, 2.85452, 2.8493, 2.84342, 2.83804, 2.8319, 2.82279, 2.81462, 2.81156, 2.81351, 2.81586, 2.81652, 2.81721, 2.81781, 2.81848, 2.81927, 2.82009, 2.8209, 2.82162, 2.82224, 2.82253, 2.82246, 2.82192, 2.8212, 2.8204, 2.8196, 2.81909, 2.81832, 2.81715, 2.81613, 2.81501, 2.81448, 2.81399, 2.81347, 2.81315, 2.81198, 2.81126, 2.81103, 2.81097, 2.811, 2.81066, 2.81072, ],
    [2.74091, 2.7411, 2.74177, 2.74305, 2.7427, 2.74327, 2.74351, 2.74391, 2.74485, 2.74552, 2.74629, 2.74751, 2.74897, 2.74991, 2.75116, 2.75287, 2.75457, 2.75638, 2.75873, 2.76101, 2.76334, 2.76556, 2.76782, 2.76993, 2.77157, 2.77228, 2.77232, 2.77216, 2.77203, 2.77176, 2.77135, 2.77107, 2.77073, 2.77281, 2.78029, 2.79301, 2.80612, 2.81547, 2.82365, 2.83254, 2.84016, 2.84685, 2.85267, 2.85687, 2.86073, 2.86488, 2.86836, 2.87064, 2.87209, 2.87238, 2.87097, 2.86877, 2.86678, 2.86428, 2.86026, 2.85544, 2.85021, 2.84411, 2.83864, 2.83249, 2.82364, 2.81552, 2.81226, 2.814, 2.81639, 2.81711, 2.81791, 2.81869, 2.81949, 2.82015, 2.82088, 2.82172, 2.82258, 2.82324, 2.82336, 2.82309, 2.82251, 2.82169, 2.82078, 2.82019, 2.81925, 2.81814, 2.81729, 2.81645, 2.8164, 2.81545, 2.81472, 2.81455, 2.81386, 2.8134, 2.81269, 2.81245, 2.81208, 2.81155, 2.81162, 2.8122, ],
    [2.74115, 2.7413, 2.74193, 2.7427, 2.74439, 2.74419, 2.74434, 2.74488, 2.7455, 2.74613, 2.74715, 2.74845, 2.74944, 2.75075, 2.75197, 2.75365, 2.75577, 2.75765, 2.75923, 2.76155, 2.7641, 2.76657, 2.76875, 2.77089, 2.77257, 2.77354, 2.77378, 2.77341, 2.77301, 2.77265, 2.77224, 2.77179, 2.77168, 2.77375, 2.78121, 2.7939, 2.80672, 2.81601, 2.82428, 2.83343, 2.84123, 2.84769, 2.85344, 2.85763, 2.86149, 2.86578, 2.86914, 2.87099, 2.87242, 2.87293, 2.87155, 2.86925, 2.86735, 2.86495, 2.86115, 2.85679, 2.85129, 2.84493, 2.8396, 2.83349, 2.82469, 2.81646, 2.81317, 2.81496, 2.81709, 2.81804, 2.81884, 2.81974, 2.82039, 2.82119, 2.82207, 2.82294, 2.82378, 2.82438, 2.82444, 2.82394, 2.82338, 2.82267, 2.82199, 2.82073, 2.81947, 2.81869, 2.81785, 2.81769, 2.81697, 2.81666, 2.81611, 2.81519, 2.81498, 2.81479, 2.8147, 2.81367, 2.81298, 2.81304, 2.81309, 2.81286, ],
    [2.74151, 2.74182, 2.74235, 2.74327, 2.74419, 2.74564, 2.74555, 2.74572, 2.74618, 2.74709, 2.74818, 2.7493, 2.75054, 2.7515, 2.7532, 2.75468, 2.75654, 2.75871, 2.76061, 2.76278, 2.76544, 2.76806, 2.77015, 2.77183, 2.77348, 2.77456, 2.77486, 2.77472, 2.77434, 2.77386, 2.77344, 2.77303, 2.77295, 2.77497, 2.78239, 2.79488, 2.80739, 2.81701, 2.82555, 2.83444, 2.8422, 2.84867, 2.85449, 2.85865, 2.8624, 2.8667, 2.8701, 2.87169, 2.87273, 2.87336, 2.87227, 2.87012, 2.86817, 2.86589, 2.86235, 2.85815, 2.85257, 2.84635, 2.84085, 2.83459, 2.826, 2.81761, 2.81435, 2.8163, 2.81848, 2.81927, 2.82014, 2.82092, 2.82181, 2.82257, 2.82342, 2.82426, 2.82502, 2.82529, 2.82515, 2.82487, 2.82441, 2.82394, 2.82279, 2.82157, 2.82085, 2.81999, 2.81953, 2.81874, 2.8183, 2.81767, 2.81699, 2.81671, 2.81637, 2.81617, 2.81538, 2.81525, 2.81505, 2.8145, 2.81422, 2.81374, ],
    [2.74219, 2.7424, 2.743, 2.74351, 2.74434, 2.74555, 2.74704, 2.74711, 2.74748, 2.7484, 2.74937, 2.75034, 2.75149, 2.75299, 2.75422, 2.75601, 2.75791, 2.76002, 2.76222, 2.76444, 2.76694, 2.76924, 2.77144, 2.7732, 2.77455, 2.77556, 2.77607, 2.77615, 2.77572, 2.77542, 2.77494, 2.77457, 2.77458, 2.77642, 2.78375, 2.79623, 2.80831, 2.81827, 2.82724, 2.83571, 2.84326, 2.84997, 2.85562, 2.85976, 2.86354, 2.86776, 2.87102, 2.87244, 2.87328, 2.87395, 2.87317, 2.87114, 2.8692, 2.8672, 2.86386, 2.85947, 2.85416, 2.84837, 2.84237, 2.83575, 2.82758, 2.81923, 2.81581, 2.81785, 2.82009, 2.82084, 2.82181, 2.82258, 2.82346, 2.82445, 2.82521, 2.82584, 2.8261, 2.82623, 2.82616, 2.82584, 2.82537, 2.82474, 2.82391, 2.82309, 2.82211, 2.82154, 2.82092, 2.82039, 2.81952, 2.81877, 2.81846, 2.81809, 2.81775, 2.81698, 2.81693, 2.81708, 2.81689, 2.81628, 2.81547, 2.81539, ],
    [2.7429, 2.74315, 2.7433, 2.74391, 2.74488, 2.74572, 2.74711, 2.74896, 2.74933, 2.74979, 2.75063, 2.75168, 2.75306, 2.75458, 2.75597, 2.75749, 2.75978, 2.76174, 2.76361, 2.76576, 2.76807, 2.77039, 2.77259, 2.77462, 2.77619, 2.77725, 2.77776, 2.77777, 2.7776, 2.77712, 2.77667, 2.77619, 2.77631, 2.77815, 2.78536, 2.79792, 2.80978, 2.81964, 2.82896, 2.83734, 2.84492, 2.85149, 2.85671, 2.8608, 2.865, 2.86899, 2.87173, 2.87315, 2.87422, 2.87483, 2.87425, 2.87236, 2.87043, 2.8687, 2.86551, 2.8612, 2.85618, 2.85044, 2.8442, 2.83743, 2.82939, 2.82115, 2.81768, 2.81957, 2.82179, 2.82268, 2.82347, 2.82443, 2.82536, 2.82625, 2.82697, 2.82748, 2.82778, 2.82769, 2.82744, 2.82695, 2.82641, 2.82588, 2.82539, 2.82444, 2.82342, 2.82251, 2.82216, 2.82158, 2.82085, 2.82053, 2.82003, 2.81929, 2.81874, 2.81888, 2.81903, 2.81872, 2.81817, 2.81808, 2.81795, 2.81774, ],
    [2.74348, 2.74372, 2.74397, 2.74485, 2.7455, 2.74618, 2.74748, 2.74933, 2.75121, 2.75141, 2.75228, 2.7535, 2.75487, 2.75639, 2.7578, 2.75949, 2.76136, 2.76353, 2.76511, 2.76705, 2.76953, 2.77193, 2.77398, 2.77614, 2.77786, 2.77908, 2.77969, 2.77969, 2.77956, 2.77932, 2.77883, 2.77823, 2.77804, 2.78007, 2.7875, 2.79983, 2.81162, 2.82136, 2.83072, 2.83943, 2.847, 2.85323, 2.8579, 2.86197, 2.86647, 2.87023, 2.87243, 2.87411, 2.87531, 2.87588, 2.87568, 2.87392, 2.87183, 2.8702, 2.86746, 2.86344, 2.85851, 2.85262, 2.84633, 2.83974, 2.83154, 2.82331, 2.81985, 2.82152, 2.82358, 2.82463, 2.82552, 2.82643, 2.82721, 2.82789, 2.82858, 2.82899, 2.82917, 2.8292, 2.82878, 2.82815, 2.82778, 2.82747, 2.82684, 2.82589, 2.82461, 2.82407, 2.82346, 2.82292, 2.82282, 2.82238, 2.82152, 2.82083, 2.82049, 2.82069, 2.82067, 2.82008, 2.8201, 2.82003, 2.82044, 2.82063, ],
    [2.74445, 2.74433, 2.74499, 2.74552, 2.74612, 2.74709, 2.7484, 2.74979, 2.75141, 2.75382, 2.75452, 2.75531, 2.75647, 2.75778, 2.75944, 2.76139, 2.76354, 2.76524, 2.76727, 2.76886, 2.77114, 2.77387, 2.77611, 2.77774, 2.77946, 2.78085, 2.78167, 2.78172, 2.78147, 2.78141, 2.78117, 2.7807, 2.78008, 2.78219, 2.79005, 2.80197, 2.81355, 2.82355, 2.83304, 2.84179, 2.84921, 2.85511, 2.85953, 2.86336, 2.86771, 2.87139, 2.87349, 2.87534, 2.87652, 2.87705, 2.87738, 2.87575, 2.87342, 2.87195, 2.86966, 2.86594, 2.86111, 2.85523, 2.84892, 2.8423, 2.83409, 2.82588, 2.82216, 2.82364, 2.82597, 2.82686, 2.82778, 2.82832, 2.82899, 2.82952, 2.83011, 2.8305, 2.83052, 2.83019, 2.82965, 2.82968, 2.82956, 2.82911, 2.82839, 2.8273, 2.82665, 2.82578, 2.82538, 2.82528, 2.8248, 2.82395, 2.82348, 2.82323, 2.8228, 2.82203, 2.82166, 2.82217, 2.82217, 2.82242, 2.82247, 2.82303, ],
    [2.74525, 2.74565, 2.74575, 2.74629, 2.74715, 2.74818, 2.74937, 2.75063, 2.75228, 2.75452, 2.75681, 2.75726, 2.75806, 2.75943, 2.76127, 2.76351, 2.7655, 2.76744, 2.76909, 2.77122, 2.77321, 2.77578, 2.77823, 2.77991, 2.78131, 2.78275, 2.78378, 2.78405, 2.78367, 2.78344, 2.78328, 2.783, 2.78248, 2.78469, 2.79275, 2.80424, 2.81579, 2.82622, 2.83579, 2.84441, 2.85157, 2.85716, 2.86143, 2.86498, 2.86894, 2.87263, 2.87481, 2.87676, 2.87797, 2.87859, 2.87902, 2.87761, 2.87556, 2.874, 2.87201, 2.86868, 2.86408, 2.85835, 2.85191, 2.84509, 2.83692, 2.82886, 2.82467, 2.82595, 2.82826, 2.82905, 2.82973, 2.83035, 2.83077, 2.83149, 2.83189, 2.83205, 2.83183, 2.8314, 2.83155, 2.83151, 2.8313, 2.83077, 2.82986, 2.82927, 2.82842, 2.828, 2.82768, 2.82719, 2.8265, 2.8261, 2.82603, 2.82551, 2.82456, 2.824, 2.82397, 2.82401, 2.8244, 2.82457, 2.82493, 2.82448, ],
    [2.74625, 2.74637, 2.74695, 2.74751, 2.74845, 2.7493, 2.75034, 2.75168, 2.7535, 2.75531, 2.75726, 2.75956, 2.76048, 2.76174, 2.76361, 2.76562, 2.76744, 2.76923, 2.77129, 2.77325, 2.77566, 2.77791, 2.78012, 2.78201, 2.78352, 2.78486, 2.78602, 2.78665, 2.78649, 2.78586, 2.78558, 2.78529, 2.785, 2.78749, 2.79554, 2.80682, 2.81845, 2.82917, 2.83876, 2.84728, 2.85436, 2.85941, 2.86332, 2.86687, 2.87055, 2.87405, 2.87637, 2.87831, 2.87979, 2.88052, 2.88059, 2.87952, 2.87809, 2.87642, 2.8746, 2.87183, 2.86744, 2.86182, 2.85524, 2.84814, 2.84004, 2.83199, 2.82746, 2.82845, 2.83055, 2.83109, 2.83166, 2.83231, 2.83305, 2.83364, 2.83401, 2.83398, 2.83384, 2.83381, 2.83362, 2.83336, 2.83308, 2.83243, 2.83188, 2.83104, 2.83066, 2.83006, 2.82924, 2.82885, 2.82868, 2.8286, 2.82784, 2.82706, 2.82679, 2.82661, 2.82661, 2.82658, 2.82653, 2.82676, 2.82644, 2.82655, ],
    [2.74743, 2.74735, 2.74797, 2.74897, 2.74944, 2.75054, 2.75149, 2.75306, 2.75487, 2.75646, 2.75806, 2.76048, 2.76335, 2.76448, 2.76603, 2.76784, 2.76962, 2.77153, 2.77365, 2.77577, 2.77775, 2.78017, 2.78209, 2.78376, 2.7856, 2.7873, 2.78839, 2.78915, 2.78937, 2.78895, 2.78826, 2.78798, 2.78773, 2.79031, 2.79848, 2.80996, 2.82135, 2.83222, 2.84203, 2.8504, 2.85739, 2.86192, 2.86534, 2.86917, 2.87247, 2.87572, 2.87825, 2.88019, 2.88183, 2.88265, 2.88237, 2.88159, 2.88074, 2.87919, 2.87769, 2.87535, 2.87111, 2.86563, 2.85887, 2.85136, 2.84338, 2.8353, 2.83046, 2.83123, 2.83307, 2.83342, 2.83406, 2.8348, 2.83551, 2.83592, 2.83633, 2.83663, 2.83667, 2.83616, 2.83546, 2.83523, 2.83476, 2.83447, 2.83372, 2.83349, 2.83293, 2.83178, 2.83121, 2.83101, 2.83104, 2.83024, 2.8294, 2.82919, 2.82929, 2.82942, 2.82916, 2.82913, 2.82894, 2.82823, 2.82834, 2.82842, ],
    [2.74851, 2.74886, 2.74939, 2.74992, 2.75075, 2.7515, 2.75299, 2.75459, 2.75638, 2.75778, 2.75942, 2.76175, 2.76448, 2.76749, 2.76879, 2.77033, 2.77215, 2.77416, 2.77629, 2.77844, 2.78046, 2.78213, 2.78425, 2.78583, 2.78754, 2.78948, 2.79093, 2.79163, 2.79201, 2.79183, 2.79137, 2.79091, 2.79069, 2.79344, 2.8017, 2.81323, 2.8245, 2.83542, 2.84564, 2.85372, 2.8604, 2.86474, 2.86794, 2.87174, 2.87475, 2.87766, 2.88055, 2.88253, 2.8841, 2.8849, 2.88448, 2.88398, 2.88358, 2.88226, 2.88118, 2.87912, 2.8751, 2.86986, 2.86272, 2.85477, 2.84679, 2.83875, 2.83392, 2.83423, 2.83583, 2.83631, 2.8369, 2.83759, 2.83808, 2.83857, 2.83903, 2.83937, 2.83891, 2.83823, 2.83779, 2.8372, 2.83695, 2.8363, 2.83626, 2.8358, 2.83483, 2.83435, 2.8339, 2.83351, 2.83271, 2.83214, 2.83192, 2.83179, 2.83184, 2.83175, 2.83157, 2.83113, 2.83057, 2.83044, 2.83004, 2.82997, ],
    [2.74982, 2.75035, 2.75087, 2.75116, 2.75198, 2.7532, 2.75422, 2.75597, 2.75781, 2.75943, 2.76127, 2.76361, 2.76603, 2.76878, 2.77186, 2.77323, 2.77488, 2.77693, 2.77898, 2.78106, 2.78295, 2.78485, 2.78641, 2.78834, 2.78983, 2.79166, 2.79334, 2.79424, 2.79455, 2.79444, 2.79424, 2.79398, 2.79385, 2.79695, 2.80522, 2.81639, 2.8278, 2.83904, 2.8494, 2.85722, 2.86346, 2.86784, 2.87112, 2.87464, 2.87744, 2.8802, 2.88313, 2.88527, 2.88668, 2.88733, 2.88701, 2.88683, 2.88671, 2.88574, 2.88476, 2.88298, 2.87949, 2.87432, 2.86681, 2.85846, 2.85018, 2.84246, 2.8377, 2.83754, 2.83891, 2.83946, 2.83982, 2.84043, 2.84098, 2.84154, 2.84196, 2.84172, 2.84122, 2.84062, 2.84007, 2.83973, 2.83922, 2.83906, 2.83852, 2.83783, 2.83755, 2.83725, 2.83653, 2.83554, 2.83509, 2.83504, 2.8347, 2.83442, 2.83427, 2.83391, 2.83327, 2.83254, 2.83246, 2.83228, 2.83199, 2.83163, ],
    [2.75131, 2.75169, 2.75208, 2.75287, 2.75365, 2.75469, 2.756, 2.7575, 2.75949, 2.76139, 2.7635, 2.76562, 2.76783, 2.77033, 2.77323, 2.77635, 2.77803, 2.77974, 2.78167, 2.78361, 2.78559, 2.78725, 2.78906, 2.79077, 2.79266, 2.79412, 2.79573, 2.79696, 2.79736, 2.79728, 2.79716, 2.79716, 2.79721, 2.80042, 2.80897, 2.81978, 2.83113, 2.84293, 2.85327, 2.86098, 2.8668, 2.87117, 2.87468, 2.87788, 2.88065, 2.88342, 2.88618, 2.88825, 2.88951, 2.89027, 2.89021, 2.8901, 2.89015, 2.88951, 2.8885, 2.88691, 2.88401, 2.87893, 2.87121, 2.86233, 2.8539, 2.84646, 2.84153, 2.84099, 2.84224, 2.84267, 2.84324, 2.84384, 2.84464, 2.84498, 2.84479, 2.84429, 2.84374, 2.84333, 2.84289, 2.84235, 2.84195, 2.84132, 2.84077, 2.84058, 2.84029, 2.83962, 2.83876, 2.83823, 2.83818, 2.83786, 2.83742, 2.83703, 2.83641, 2.8358, 2.83505, 2.83463, 2.8342, 2.83393, 2.83381, 2.83371, ],
    [2.75277, 2.75307, 2.75356, 2.75457, 2.75577, 2.75654, 2.75792, 2.75977, 2.76136, 2.76354, 2.7655, 2.76744, 2.76962, 2.77215, 2.77488, 2.77803, 2.78121, 2.78272, 2.78444, 2.78637, 2.78824, 2.79002, 2.79166, 2.79347, 2.7951, 2.79688, 2.79836, 2.79979, 2.80062, 2.80077, 2.80055, 2.80045, 2.80053, 2.80383, 2.81272, 2.82352, 2.83469, 2.84691, 2.85734, 2.86494, 2.87056, 2.87477, 2.87843, 2.88156, 2.8844, 2.88726, 2.88981, 2.89155, 2.89277, 2.89383, 2.8941, 2.8939, 2.89383, 2.89347, 2.89252, 2.89104, 2.88834, 2.88358, 2.87588, 2.86648, 2.85809, 2.8507, 2.84538, 2.84446, 2.84556, 2.84626, 2.84708, 2.84795, 2.8485, 2.84847, 2.84803, 2.84742, 2.84685, 2.84634, 2.84571, 2.8453, 2.84444, 2.84387, 2.84372, 2.84328, 2.84257, 2.84176, 2.84146, 2.84138, 2.84092, 2.84045, 2.84007, 2.83932, 2.83854, 2.83785, 2.83747, 2.83672, 2.83603, 2.83592, 2.83579, 2.83585, ],
    [2.75454, 2.75509, 2.75567, 2.75638, 2.75764, 2.75872, 2.76001, 2.76174, 2.76352, 2.76525, 2.76744, 2.76924, 2.77152, 2.77416, 2.77693, 2.77975, 2.78272, 2.78593, 2.78742, 2.78933, 2.7913, 2.793, 2.79459, 2.79621, 2.7979, 2.7993, 2.80134, 2.80285, 2.80381, 2.80434, 2.80417, 2.80356, 2.8038, 2.80741, 2.81644, 2.8273, 2.83862, 2.85125, 2.86161, 2.86894, 2.87467, 2.87883, 2.88245, 2.88569, 2.88865, 2.89149, 2.89388, 2.89561, 2.89691, 2.89788, 2.8984, 2.89824, 2.89793, 2.8976, 2.89682, 2.89537, 2.89256, 2.88815, 2.88075, 2.87102, 2.86256, 2.85515, 2.84938, 2.84808, 2.8491, 2.85007, 2.85105, 2.85158, 2.85168, 2.85196, 2.85152, 2.85079, 2.85019, 2.84947, 2.8491, 2.84795, 2.84744, 2.84732, 2.84679, 2.84597, 2.84524, 2.84511, 2.84478, 2.84417, 2.84333, 2.84289, 2.84236, 2.84151, 2.84073, 2.84025, 2.83942, 2.83872, 2.83842, 2.83814, 2.83832, 2.83791, ],
    [2.75706, 2.75754, 2.7582, 2.75872, 2.75923, 2.7606, 2.76222, 2.7636, 2.76512, 2.76726, 2.7691, 2.77128, 2.77365, 2.77628, 2.77899, 2.78167, 2.78445, 2.78741, 2.79088, 2.79269, 2.7945, 2.79617, 2.79765, 2.79923, 2.8007, 2.80223, 2.80386, 2.806, 2.80697, 2.80737, 2.80745, 2.80697, 2.80709, 2.81118, 2.82024, 2.8311, 2.84289, 2.85596, 2.86615, 2.87307, 2.87898, 2.88337, 2.8869, 2.89032, 2.89326, 2.89599, 2.89864, 2.90057, 2.90191, 2.90266, 2.9029, 2.90296, 2.90262, 2.90204, 2.90135, 2.89984, 2.89679, 2.89285, 2.88569, 2.87576, 2.86724, 2.85981, 2.85357, 2.85191, 2.85312, 2.85396, 2.85447, 2.8547, 2.85531, 2.85526, 2.85477, 2.85399, 2.85322, 2.85282, 2.85182, 2.85147, 2.85114, 2.85053, 2.84981, 2.84942, 2.84943, 2.8489, 2.84815, 2.84709, 2.84615, 2.84515, 2.84445, 2.84391, 2.84323, 2.84211, 2.8415, 2.8413, 2.84091, 2.84072, 2.84015, 2.84024, ],
    [2.7597, 2.76002, 2.76053, 2.76102, 2.76155, 2.76279, 2.76443, 2.76576, 2.76704, 2.76887, 2.77121, 2.77326, 2.77577, 2.77845, 2.78106, 2.78362, 2.78636, 2.78933, 2.79268, 2.79615, 2.79781, 2.79923, 2.80068, 2.80218, 2.80349, 2.80483, 2.80674, 2.8086, 2.81033, 2.81073, 2.81059, 2.81023, 2.81049, 2.81486, 2.82436, 2.83525, 2.84746, 2.86086, 2.87086, 2.87761, 2.88356, 2.88824, 2.89187, 2.89538, 2.89819, 2.90105, 2.90427, 2.90616, 2.90748, 2.90823, 2.90798, 2.90799, 2.90766, 2.90691, 2.90626, 2.90443, 2.90135, 2.89757, 2.89072, 2.88063, 2.87203, 2.86461, 2.85779, 2.85598, 2.85714, 2.85763, 2.85805, 2.85867, 2.85892, 2.85877, 2.85824, 2.85727, 2.85645, 2.85562, 2.85533, 2.85492, 2.85416, 2.85356, 2.85345, 2.85361, 2.85316, 2.85246, 2.85157, 2.85022, 2.84882, 2.84783, 2.84719, 2.84668, 2.84552, 2.84476, 2.84428, 2.84381, 2.84349, 2.84278, 2.8425, 2.84224, ],
    [2.76205, 2.7621, 2.76272, 2.76333, 2.76411, 2.76544, 2.76695, 2.76806, 2.76954, 2.77113, 2.77322, 2.77565, 2.77776, 2.78045, 2.78296, 2.78558, 2.78825, 2.7913, 2.79451, 2.79781, 2.80091, 2.80207, 2.80335, 2.80489, 2.8063, 2.80772, 2.80947, 2.8117, 2.81333, 2.8142, 2.81397, 2.81352, 2.8139, 2.81865, 2.82874, 2.83986, 2.8524, 2.86593, 2.87556, 2.88261, 2.88869, 2.89343, 2.89721, 2.90064, 2.90394, 2.90702, 2.91042, 2.91223, 2.91347, 2.91432, 2.91391, 2.91363, 2.91288, 2.91219, 2.91151, 2.9096, 2.90623, 2.90225, 2.89583, 2.88581, 2.87696, 2.86919, 2.86213, 2.86015, 2.86108, 2.8616, 2.86225, 2.86279, 2.8629, 2.86261, 2.86174, 2.86079, 2.85979, 2.85952, 2.85902, 2.85797, 2.85741, 2.85713, 2.85728, 2.85688, 2.85625, 2.85565, 2.85445, 2.85311, 2.85182, 2.85083, 2.85006, 2.84908, 2.84847, 2.84758, 2.84702, 2.8467, 2.84606, 2.84551, 2.84497, 2.84497, ],
    [2.76432, 2.76439, 2.76486, 2.76557, 2.76657, 2.76806, 2.76923, 2.7704, 2.77192, 2.77388, 2.77577, 2.77792, 2.78016, 2.78214, 2.78484, 2.78726, 2.79001, 2.79301, 2.79616, 2.79923, 2.80207, 2.80487, 2.80615, 2.80758, 2.80916, 2.81074, 2.81251, 2.81448, 2.81636, 2.81716, 2.81734, 2.81691, 2.81748, 2.82286, 2.83333, 2.84479, 2.8578, 2.87117, 2.88048, 2.88788, 2.89442, 2.89906, 2.90281, 2.90656, 2.91046, 2.91387, 2.91688, 2.91869, 2.91991, 2.92072, 2.92053, 2.91989, 2.91874, 2.91778, 2.9171, 2.91538, 2.91151, 2.90709, 2.90098, 2.89132, 2.88194, 2.87366, 2.86657, 2.86435, 2.8652, 2.86591, 2.86653, 2.86696, 2.86686, 2.86621, 2.86538, 2.86436, 2.86396, 2.86319, 2.86226, 2.86185, 2.86149, 2.86132, 2.86055, 2.85982, 2.85925, 2.85827, 2.85707, 2.85591, 2.85479, 2.8536, 2.85244, 2.85181, 2.85109, 2.85047, 2.84988, 2.84949, 2.84927, 2.84871, 2.8484, 2.84818, ],
    [2.76672, 2.76683, 2.76722, 2.76782, 2.76876, 2.77014, 2.77145, 2.77258, 2.77399, 2.7761, 2.77824, 2.78011, 2.7821, 2.78424, 2.78642, 2.78905, 2.79167, 2.79458, 2.79765, 2.80067, 2.80336, 2.80615, 2.80918, 2.81045, 2.81198, 2.81364, 2.81525, 2.81722, 2.81912, 2.82036, 2.82048, 2.82057, 2.82134, 2.82743, 2.83828, 2.85005, 2.86354, 2.8766, 2.88589, 2.89354, 2.90042, 2.90517, 2.9092, 2.91332, 2.91751, 2.92113, 2.92379, 2.92556, 2.92675, 2.92752, 2.92745, 2.92666, 2.92538, 2.92416, 2.92313, 2.92138, 2.91738, 2.9124, 2.90618, 2.89695, 2.88702, 2.87842, 2.87109, 2.86847, 2.86957, 2.87012, 2.87074, 2.87091, 2.87063, 2.86982, 2.86881, 2.86841, 2.8675, 2.86649, 2.86612, 2.86602, 2.86555, 2.8646, 2.86375, 2.86303, 2.86216, 2.86098, 2.85997, 2.85879, 2.85748, 2.85618, 2.85553, 2.85477, 2.85404, 2.85338, 2.85276, 2.85272, 2.85239, 2.85205, 2.85177, 2.85157, ],
    [2.76879, 2.76906, 2.76939, 2.76994, 2.77089, 2.77184, 2.77319, 2.77463, 2.77613, 2.77776, 2.77989, 2.78202, 2.78375, 2.78584, 2.78833, 2.79078, 2.79346, 2.79621, 2.79923, 2.80218, 2.80488, 2.80758, 2.81045, 2.81341, 2.81482, 2.8165, 2.81816, 2.81997, 2.82213, 2.82362, 2.82423, 2.82409, 2.82548, 2.83217, 2.84368, 2.85581, 2.8696, 2.88219, 2.89176, 2.89988, 2.90664, 2.91204, 2.91646, 2.92078, 2.925, 2.9286, 2.93116, 2.93288, 2.93401, 2.93469, 2.93463, 2.93383, 2.93264, 2.93134, 2.92996, 2.92764, 2.92383, 2.91817, 2.9116, 2.90269, 2.89242, 2.88361, 2.87567, 2.87261, 2.87342, 2.87413, 2.87458, 2.87473, 2.87415, 2.87324, 2.87262, 2.87168, 2.87077, 2.87033, 2.87016, 2.86959, 2.86858, 2.86755, 2.86669, 2.8658, 2.86484, 2.86397, 2.86277, 2.86158, 2.86043, 2.85988, 2.85881, 2.85789, 2.85714, 2.85648, 2.85628, 2.85563, 2.85545, 2.8553, 2.855, 2.85489, ],
    [2.77029, 2.77049, 2.77075, 2.77156, 2.77258, 2.77347, 2.77457, 2.77618, 2.77787, 2.77945, 2.78132, 2.7835, 2.78561, 2.78753, 2.78984, 2.79265, 2.79511, 2.7979, 2.80071, 2.80348, 2.80631, 2.80915, 2.81199, 2.81482, 2.818, 2.81968, 2.82127, 2.82317, 2.82543, 2.82729, 2.82796, 2.8281, 2.82972, 2.83728, 2.84931, 2.86227, 2.87591, 2.88813, 2.89802, 2.90689, 2.91383, 2.91963, 2.92425, 2.92861, 2.93303, 2.93634, 2.93893, 2.94051, 2.94165, 2.94232, 2.9421, 2.94156, 2.94024, 2.93908, 2.9375, 2.93482, 2.93071, 2.92425, 2.91746, 2.9087, 2.89838, 2.88899, 2.88053, 2.87678, 2.87739, 2.87789, 2.87826, 2.87817, 2.87751, 2.8767, 2.87554, 2.87498, 2.87474, 2.87422, 2.87335, 2.87221, 2.87134, 2.87032, 2.8692, 2.8683, 2.86746, 2.86635, 2.86516, 2.86418, 2.86375, 2.86274, 2.8618, 2.86091, 2.8603, 2.86005, 2.85943, 2.85896, 2.85855, 2.8585, 2.85853, 2.85845, ],
    [2.771, 2.77116, 2.77138, 2.77229, 2.77354, 2.77457, 2.77555, 2.77726, 2.77906, 2.78087, 2.78273, 2.78487, 2.78729, 2.7895, 2.79165, 2.79414, 2.79687, 2.79931, 2.80222, 2.80483, 2.80771, 2.81074, 2.81364, 2.8165, 2.81968, 2.82324, 2.82488, 2.82657, 2.82887, 2.83102, 2.83216, 2.83235, 2.8343, 2.84261, 2.85555, 2.86896, 2.88263, 2.8945, 2.90519, 2.91461, 2.92202, 2.92786, 2.93227, 2.93685, 2.94136, 2.94462, 2.94699, 2.94848, 2.9496, 2.95033, 2.95017, 2.94961, 2.94835, 2.94702, 2.94567, 2.94283, 2.93805, 2.93119, 2.92372, 2.91515, 2.90478, 2.89478, 2.88565, 2.88112, 2.88121, 2.88183, 2.88207, 2.88173, 2.88092, 2.87941, 2.87897, 2.8789, 2.87835, 2.87723, 2.87566, 2.87475, 2.87361, 2.87243, 2.87142, 2.87058, 2.86954, 2.86833, 2.86743, 2.86681, 2.86593, 2.86512, 2.86428, 2.86364, 2.86343, 2.86315, 2.86277, 2.86219, 2.86175, 2.86182, 2.86186, 2.86177, ],
    [2.77123, 2.77124, 2.77148, 2.77231, 2.77379, 2.77485, 2.77608, 2.77775, 2.77971, 2.78166, 2.78379, 2.78601, 2.7884, 2.79092, 2.79335, 2.79572, 2.79837, 2.80133, 2.80386, 2.80673, 2.80947, 2.81251, 2.81526, 2.81816, 2.82127, 2.82488, 2.82874, 2.83038, 2.83237, 2.83481, 2.8366, 2.83698, 2.83923, 2.84855, 2.86227, 2.87594, 2.88946, 2.90195, 2.91359, 2.9231, 2.93063, 2.93659, 2.94071, 2.94553, 2.94988, 2.95339, 2.95529, 2.95691, 2.958, 2.95856, 2.95883, 2.95803, 2.95697, 2.95531, 2.95424, 2.95113, 2.94602, 2.93935, 2.93091, 2.92175, 2.91159, 2.90117, 2.8912, 2.88567, 2.88535, 2.88605, 2.88602, 2.88528, 2.88372, 2.88326, 2.88309, 2.88222, 2.88088, 2.87922, 2.87791, 2.87648, 2.87536, 2.87435, 2.87346, 2.87232, 2.87127, 2.87056, 2.86989, 2.86899, 2.86824, 2.86748, 2.8667, 2.86617, 2.86571, 2.86566, 2.8653, 2.86469, 2.86451, 2.86431, 2.86438, 2.8642, ],
    [2.77109, 2.77106, 2.77134, 2.77217, 2.7734, 2.77473, 2.77614, 2.77779, 2.77967, 2.78173, 2.78403, 2.78666, 2.78914, 2.79164, 2.79423, 2.79697, 2.79978, 2.80286, 2.80599, 2.80861, 2.81169, 2.81448, 2.81721, 2.81997, 2.82317, 2.82657, 2.83038, 2.83427, 2.83621, 2.83872, 2.84094, 2.84163, 2.84465, 2.85522, 2.86947, 2.88321, 2.897, 2.91074, 2.92291, 2.93214, 2.93971, 2.94543, 2.94991, 2.95448, 2.95887, 2.96217, 2.96411, 2.96577, 2.96687, 2.96726, 2.96763, 2.9671, 2.96589, 2.96425, 2.96279, 2.95978, 2.95463, 2.94831, 2.93937, 2.92904, 2.91864, 2.90818, 2.8974, 2.89063, 2.88983, 2.89022, 2.88984, 2.88837, 2.88768, 2.88718, 2.88591, 2.88436, 2.88281, 2.88149, 2.87976, 2.87824, 2.87728, 2.87636, 2.87523, 2.8743, 2.87361, 2.87295, 2.8719, 2.8712, 2.87037, 2.86951, 2.86868, 2.86779, 2.86745, 2.86698, 2.86661, 2.86632, 2.86588, 2.8658, 2.86557, 2.86564, ],
    [2.77056, 2.7707, 2.77115, 2.77202, 2.77302, 2.77433, 2.77574, 2.77759, 2.77957, 2.78145, 2.78369, 2.78647, 2.78939, 2.79199, 2.79456, 2.79735, 2.80063, 2.8038, 2.80698, 2.81032, 2.81334, 2.81636, 2.81913, 2.82213, 2.82543, 2.82887, 2.83237, 2.83621, 2.84012, 2.84285, 2.84535, 2.84643, 2.85047, 2.86246, 2.87732, 2.89134, 2.90601, 2.92038, 2.93251, 2.94181, 2.94914, 2.95475, 2.95945, 2.96396, 2.96819, 2.97121, 2.97334, 2.97509, 2.97613, 2.97654, 2.97672, 2.97655, 2.97519, 2.9736, 2.97173, 2.96875, 2.9639, 2.95752, 2.94866, 2.93768, 2.92642, 2.91574, 2.90434, 2.89607, 2.89422, 2.89421, 2.89341, 2.8925, 2.8914, 2.88981, 2.88808, 2.88647, 2.88517, 2.88356, 2.88203, 2.88068, 2.87934, 2.87832, 2.87733, 2.87644, 2.87549, 2.87422, 2.87355, 2.87255, 2.87167, 2.87063, 2.86943, 2.86868, 2.868, 2.86764, 2.86726, 2.86676, 2.86644, 2.86617, 2.86608, 2.86609, ],
    [2.77006, 2.77014, 2.77088, 2.77177, 2.77264, 2.77388, 2.77541, 2.77713, 2.7793, 2.78142, 2.78342, 2.78588, 2.78893, 2.79184, 2.79443, 2.79729, 2.80075, 2.80435, 2.80736, 2.81074, 2.81419, 2.81717, 2.82036, 2.82362, 2.82729, 2.83102, 2.83481, 2.83872, 2.84285, 2.84731, 2.85003, 2.85139, 2.8566, 2.87031, 2.88625, 2.90101, 2.91618, 2.93032, 2.9424, 2.95188, 2.95904, 2.96466, 2.96933, 2.97378, 2.9779, 2.98081, 2.98289, 2.98476, 2.98593, 2.9861, 2.98644, 2.98624, 2.98476, 2.98326, 2.98139, 2.97817, 2.97355, 2.96705, 2.9583, 2.9473, 2.93556, 2.92434, 2.91197, 2.90186, 2.89873, 2.89855, 2.89793, 2.89637, 2.89433, 2.89243, 2.89066, 2.88916, 2.88741, 2.88579, 2.88427, 2.88249, 2.88093, 2.87989, 2.87891, 2.87746, 2.87589, 2.87494, 2.87393, 2.87312, 2.87191, 2.87062, 2.86971, 2.86891, 2.86833, 2.86766, 2.86698, 2.86668, 2.86634, 2.86597, 2.86608, 2.86633, ],
    [2.76971, 2.76988, 2.77057, 2.77134, 2.77225, 2.77343, 2.77495, 2.77665, 2.77884, 2.78116, 2.78329, 2.78556, 2.78828, 2.79136, 2.79426, 2.79715, 2.80057, 2.80416, 2.80746, 2.81059, 2.81397, 2.81733, 2.82048, 2.82423, 2.82796, 2.83216, 2.8366, 2.84094, 2.84535, 2.85003, 2.85481, 2.85679, 2.86337, 2.87952, 2.89661, 2.91175, 2.92694, 2.94067, 2.95276, 2.96222, 2.96941, 2.97502, 2.97964, 2.98398, 2.98808, 2.99095, 2.9928, 2.99492, 2.99606, 2.99607, 2.99658, 2.99626, 2.99477, 2.99333, 2.99145, 2.98825, 2.98344, 2.97711, 2.96816, 2.95749, 2.94572, 2.93421, 2.92088, 2.90831, 2.90383, 2.90365, 2.9018, 2.89944, 2.89705, 2.89491, 2.89303, 2.89083, 2.88893, 2.88718, 2.88526, 2.8833, 2.88179, 2.88046, 2.87903, 2.87733, 2.8761, 2.875, 2.87403, 2.87292, 2.8716, 2.87055, 2.86959, 2.8689, 2.86813, 2.8672, 2.86664, 2.86617, 2.86592, 2.86582, 2.86594, 2.8661, ],
    [2.7696, 2.76969, 2.77026, 2.77108, 2.77178, 2.77304, 2.77455, 2.77621, 2.77822, 2.78072, 2.78298, 2.7853, 2.78796, 2.79092, 2.79397, 2.79717, 2.80044, 2.80357, 2.80696, 2.81024, 2.81351, 2.81692, 2.82057, 2.82409, 2.8281, 2.83235, 2.83698, 2.84163, 2.84643, 2.85139, 2.85679, 2.86196, 2.87191, 2.89063, 2.90776, 2.92302, 2.93792, 2.95171, 2.96361, 2.97298, 2.98012, 2.98569, 2.99047, 2.9947, 2.99875, 3.00146, 3.00336, 3.0055, 3.00644, 3.00656, 3.007, 3.00667, 3.00542, 3.0039, 3.00178, 2.99868, 2.99398, 2.9875, 2.97859, 2.96802, 2.9565, 2.94471, 2.93155, 2.91645, 2.90912, 2.90674, 2.90375, 2.90111, 2.89876, 2.89625, 2.89372, 2.8915, 2.88928, 2.8872, 2.88518, 2.88361, 2.88195, 2.88022, 2.87865, 2.87748, 2.87598, 2.87482, 2.87377, 2.87257, 2.87159, 2.87024, 2.86947, 2.86871, 2.86765, 2.86683, 2.86617, 2.86602, 2.86565, 2.86548, 2.86539, 2.86561, ],
    [2.76931, 2.76967, 2.77011, 2.77073, 2.77168, 2.77295, 2.77459, 2.77631, 2.77805, 2.78008, 2.78248, 2.785, 2.78774, 2.79068, 2.79385, 2.79721, 2.80053, 2.8038, 2.80709, 2.81049, 2.8139, 2.81748, 2.82134, 2.82548, 2.82972, 2.8343, 2.83923, 2.84465, 2.85047, 2.8566, 2.86337, 2.87191, 2.89227, 2.91608, 2.93327, 2.949, 2.96353, 2.9774, 2.98939, 2.99862, 3.0055, 3.01125, 3.01613, 3.02037, 3.02404, 3.02657, 3.02853, 3.03039, 3.03127, 3.03144, 3.03169, 3.03155, 3.03048, 3.02878, 3.02636, 3.02316, 3.01885, 3.01226, 3.00324, 2.99253, 2.98126, 2.96903, 2.95546, 2.93563, 2.91949, 2.91422, 2.91004, 2.90647, 2.90318, 2.90005, 2.89712, 2.89435, 2.89179, 2.88944, 2.88739, 2.88537, 2.88338, 2.88148, 2.87979, 2.87823, 2.87682, 2.87548, 2.87431, 2.87323, 2.87211, 2.87119, 2.8702, 2.86919, 2.86826, 2.86749, 2.867, 2.86656, 2.86626, 2.86598, 2.86575, 2.86555, ],
    [2.77114, 2.77158, 2.77217, 2.77281, 2.77375, 2.77498, 2.77641, 2.77816, 2.78007, 2.78219, 2.78468, 2.78749, 2.79031, 2.79344, 2.79695, 2.80043, 2.80382, 2.80741, 2.81118, 2.81486, 2.81865, 2.82286, 2.82743, 2.83217, 2.83728, 2.84261, 2.84855, 2.85522, 2.86246, 2.87031, 2.87952, 2.89063, 2.91608, 2.9469, 2.96678, 2.98362, 2.99871, 3.01274, 3.0252, 3.03501, 3.04243, 3.04839, 3.05344, 3.05751, 3.06073, 3.06307, 3.06502, 3.06689, 3.06794, 3.06794, 3.06788, 3.06764, 3.06648, 3.06455, 3.0619, 3.05859, 3.05393, 3.04685, 3.03728, 3.02631, 3.01444, 3.00099, 2.98466, 2.95846, 2.93808, 2.93123, 2.92528, 2.92023, 2.91579, 2.91175, 2.90791, 2.90441, 2.90126, 2.89841, 2.89578, 2.89341, 2.89113, 2.88882, 2.88653, 2.88461, 2.88298, 2.88147, 2.87996, 2.87863, 2.87766, 2.87663, 2.87561, 2.87456, 2.87364, 2.8729, 2.87218, 2.87169, 2.87132, 2.87106, 2.87073, 2.8705, ],
    [2.77867, 2.77891, 2.77948, 2.78029, 2.78121, 2.78239, 2.78375, 2.78536, 2.78751, 2.79005, 2.79276, 2.79553, 2.79849, 2.80169, 2.80522, 2.80897, 2.81272, 2.81643, 2.82024, 2.82436, 2.82874, 2.83333, 2.83828, 2.84368, 2.84931, 2.85555, 2.86227, 2.86947, 2.87732, 2.88625, 2.89661, 2.90776, 2.93327, 2.96678, 2.99033, 3.00844, 3.02442, 3.03906, 3.05239, 3.06338, 3.07188, 3.0786, 3.08428, 3.08854, 3.09165, 3.09416, 3.09634, 3.09821, 3.09918, 3.09926, 3.09886, 3.098, 3.09652, 3.09418, 3.09104, 3.08697, 3.08122, 3.07308, 3.06265, 3.05125, 3.03859, 3.02394, 3.00465, 2.97624, 2.95595, 2.94954, 2.94326, 2.93757, 2.93249, 2.92788, 2.92377, 2.9199, 2.9163, 2.91306, 2.91012, 2.90732, 2.90467, 2.90223, 2.90008, 2.89798, 2.89603, 2.89424, 2.89269, 2.89133, 2.89005, 2.88899, 2.88799, 2.88712, 2.88624, 2.88535, 2.88467, 2.88406, 2.88361, 2.88319, 2.88293, 2.88281, ],
    [2.7919, 2.79193, 2.79228, 2.79301, 2.7939, 2.79488, 2.79622, 2.79792, 2.79982, 2.80198, 2.80423, 2.80682, 2.80995, 2.81324, 2.81638, 2.81978, 2.82352, 2.8273, 2.8311, 2.83525, 2.83986, 2.84479, 2.85005, 2.85581, 2.86227, 2.86896, 2.87594, 2.88321, 2.89134, 2.90101, 2.91175, 2.92302, 2.949, 2.98362, 3.00844, 3.02832, 3.0448, 3.05916, 3.07294, 3.08447, 3.09355, 3.10128, 3.10789, 3.11335, 3.11698, 3.11983, 3.12234, 3.12388, 3.12466, 3.12479, 3.12404, 3.12273, 3.12085, 3.1177, 3.11344, 3.10825, 3.10181, 3.09317, 3.08266, 3.0716, 3.05875, 3.04313, 3.02296, 2.99389, 2.97356, 2.96719, 2.961, 2.95497, 2.94956, 2.94497, 2.94079, 2.93706, 2.93356, 2.93005, 2.9266, 2.92336, 2.9205, 2.91803, 2.91568, 2.91346, 2.91128, 2.9094, 2.90786, 2.90642, 2.90502, 2.90372, 2.90275, 2.90192, 2.90116, 2.90048, 2.89978, 2.89914, 2.89847, 2.89804, 2.89788, 2.89788, ],
    [2.80536, 2.80548, 2.80569, 2.80612, 2.80672, 2.80739, 2.80831, 2.80978, 2.81163, 2.81355, 2.8158, 2.81845, 2.82135, 2.82449, 2.8278, 2.83113, 2.83469, 2.83861, 2.8429, 2.84746, 2.8524, 2.85779, 2.86354, 2.8696, 2.87591, 2.88263, 2.88946, 2.897, 2.90601, 2.91618, 2.92694, 2.93792, 2.96353, 2.99871, 3.02442, 3.0448, 3.06333, 3.07798, 3.09049, 3.10174, 3.11047, 3.11831, 3.12581, 3.1319, 3.13614, 3.13934, 3.14185, 3.14341, 3.14419, 3.14408, 3.14306, 3.14171, 3.13965, 3.13589, 3.13077, 3.12541, 3.11948, 3.11142, 3.10224, 3.09118, 3.07687, 3.06096, 3.04004, 3.01056, 2.99056, 2.98448, 2.97846, 2.97255, 2.96674, 2.96141, 2.95699, 2.95309, 2.94948, 2.94607, 2.94281, 2.93977, 2.93686, 2.93407, 2.93147, 2.92895, 2.92666, 2.92447, 2.92234, 2.92044, 2.91878, 2.91733, 2.91597, 2.91479, 2.91382, 2.91289, 2.91194, 2.91098, 2.91034, 2.90995, 2.90976, 2.90968, ],
    [2.81505, 2.81513, 2.81527, 2.81547, 2.81601, 2.81701, 2.81826, 2.81964, 2.82136, 2.82355, 2.82621, 2.82918, 2.83221, 2.83543, 2.83904, 2.84293, 2.84691, 2.85125, 2.85596, 2.86086, 2.86593, 2.87117, 2.8766, 2.88219, 2.88813, 2.8945, 2.90195, 2.91074, 2.92038, 2.93032, 2.94067, 2.95171, 2.9774, 3.01274, 3.03906, 3.05916, 3.07798, 3.09526, 3.10777, 3.11763, 3.12568, 3.13297, 3.14037, 3.14624, 3.15051, 3.15356, 3.15596, 3.15745, 3.15809, 3.1581, 3.15748, 3.15664, 3.15482, 3.15125, 3.14624, 3.14144, 3.13623, 3.12959, 3.12037, 3.10707, 3.09262, 3.07684, 3.05512, 3.02531, 3.00519, 2.99889, 2.99304, 2.98745, 2.98196, 2.97653, 2.97119, 2.96638, 2.96219, 2.95857, 2.95538, 2.95245, 2.94973, 2.9471, 2.94453, 2.94228, 2.94009, 2.93787, 2.93565, 2.9335, 2.93159, 2.92975, 2.92803, 2.92649, 2.92509, 2.92386, 2.92282, 2.92201, 2.92131, 2.92068, 2.92013, 2.9198, ],
    [2.82327, 2.82337, 2.82345, 2.82365, 2.82428, 2.82555, 2.82724, 2.82896, 2.83073, 2.83303, 2.83579, 2.83876, 2.84204, 2.84564, 2.84941, 2.85327, 2.85735, 2.8616, 2.86615, 2.87086, 2.87556, 2.88048, 2.88589, 2.89176, 2.89802, 2.90519, 2.91359, 2.92291, 2.93251, 2.94241, 2.95276, 2.96361, 2.98939, 3.0252, 3.05239, 3.07294, 3.09049, 3.10777, 3.12231, 3.1318, 3.13941, 3.1466, 3.15337, 3.15906, 3.16274, 3.16543, 3.16771, 3.16912, 3.16972, 3.16998, 3.17002, 3.1697, 3.16843, 3.16521, 3.16057, 3.15573, 3.15083, 3.14412, 3.13304, 3.11951, 3.10602, 3.08992, 3.06736, 3.03709, 3.01694, 3.01087, 3.0049, 2.99931, 2.99409, 2.98889, 2.98368, 2.97854, 2.97376, 2.9695, 2.96578, 2.96248, 2.95936, 2.95656, 2.9542, 2.95202, 2.95005, 2.94818, 2.94633, 2.94446, 2.94255, 2.94085, 2.93935, 2.93783, 2.93639, 2.93517, 2.93428, 2.93362, 2.93303, 2.93245, 2.93196, 2.93167, ],
    [2.83114, 2.83134, 2.83181, 2.83255, 2.83343, 2.83444, 2.8357, 2.83734, 2.83943, 2.84179, 2.8444, 2.84728, 2.8504, 2.85372, 2.85721, 2.86098, 2.86493, 2.86895, 2.87307, 2.87761, 2.88261, 2.88788, 2.89354, 2.89988, 2.90689, 2.91461, 2.9231, 2.93214, 2.94181, 2.95188, 2.96222, 2.97298, 2.99862, 3.03501, 3.06338, 3.08447, 3.10174, 3.11763, 3.1318, 3.14324, 3.15157, 3.15894, 3.16585, 3.17096, 3.17441, 3.17735, 3.17967, 3.18125, 3.18221, 3.18267, 3.18253, 3.18171, 3.18021, 3.17708, 3.17248, 3.16739, 3.16154, 3.15318, 3.14222, 3.12984, 3.11649, 3.09984, 3.07665, 3.04632, 3.02636, 3.02034, 3.01471, 3.00916, 3.00361, 2.99835, 2.99327, 2.98837, 2.98382, 2.9797, 2.97582, 2.97213, 2.96889, 2.966, 2.96327, 2.96078, 2.95847, 2.95651, 2.95483, 2.95328, 2.95188, 2.95047, 2.94908, 2.94785, 2.94669, 2.9457, 2.94486, 2.94413, 2.94356, 2.94313, 2.94287, 2.94278, ],
    [2.83845, 2.83864, 2.8392, 2.84016, 2.84123, 2.8422, 2.84327, 2.84491, 2.847, 2.8492, 2.85157, 2.85435, 2.85739, 2.86039, 2.86346, 2.8668, 2.87056, 2.87467, 2.87899, 2.88356, 2.88869, 2.89442, 2.90042, 2.90664, 2.91383, 2.92202, 2.93063, 2.93971, 2.94914, 2.95904, 2.96941, 2.98012, 3.0055, 3.04243, 3.07188, 3.09355, 3.11047, 3.12568, 3.13941, 3.15157, 3.1625, 3.17064, 3.17707, 3.18236, 3.18622, 3.18933, 3.19169, 3.19354, 3.19485, 3.19518, 3.19444, 3.19278, 3.19049, 3.18698, 3.18255, 3.17696, 3.169, 3.15994, 3.14952, 3.13782, 3.12478, 3.10752, 3.08361, 3.05336, 3.03395, 3.02804, 3.0222, 3.01659, 3.01128, 3.00609, 3.00124, 2.99669, 2.99215, 2.98762, 2.9835, 2.98002, 2.97693, 2.97404, 2.97126, 2.96857, 2.96614, 2.96397, 2.96213, 2.96064, 2.95921, 2.95781, 2.95654, 2.95548, 2.9548, 2.95419, 2.95354, 2.95289, 2.95232, 2.95199, 2.95183, 2.95175, ],
    [2.84538, 2.84563, 2.84613, 2.84685, 2.84769, 2.84867, 2.84997, 2.8515, 2.85323, 2.85511, 2.85716, 2.85941, 2.86192, 2.86474, 2.86784, 2.87117, 2.87477, 2.87884, 2.88337, 2.88825, 2.89343, 2.89906, 2.90517, 2.91204, 2.91963, 2.92786, 2.93659, 2.94543, 2.95475, 2.96466, 2.97502, 2.98569, 3.01125, 3.04839, 3.0786, 3.10128, 3.11831, 3.13297, 3.1466, 3.15894, 3.17064, 3.18067, 3.18738, 3.19264, 3.197, 3.20019, 3.20267, 3.20449, 3.20566, 3.20587, 3.20488, 3.20296, 3.19993, 3.19629, 3.19154, 3.18422, 3.1756, 3.16619, 3.15573, 3.14459, 3.13143, 3.11332, 3.08889, 3.05899, 3.03989, 3.03407, 3.02838, 3.02282, 3.01744, 3.01251, 3.00786, 3.00331, 2.99886, 2.99452, 2.9904, 2.98657, 2.98309, 2.97998, 2.9772, 2.97473, 2.97242, 2.97029, 2.9683, 2.9665, 2.96499, 2.9637, 2.96256, 2.96159, 2.96066, 2.95987, 2.95916, 2.95855, 2.95814, 2.95784, 2.95772, 2.95769, ],
    [2.85071, 2.85124, 2.85197, 2.85267, 2.85345, 2.85449, 2.85563, 2.85671, 2.8579, 2.85953, 2.86144, 2.86331, 2.86534, 2.86794, 2.87112, 2.87467, 2.87844, 2.88245, 2.88691, 2.89186, 2.89721, 2.90281, 2.9092, 2.91646, 2.92425, 2.93227, 2.94071, 2.94991, 2.95945, 2.96933, 2.97964, 2.99047, 3.01613, 3.05344, 3.08428, 3.10789, 3.12581, 3.14037, 3.15337, 3.16585, 3.17707, 3.18738, 3.1956, 3.20091, 3.20556, 3.20941, 3.21227, 3.21395, 3.21489, 3.2151, 3.21402, 3.21172, 3.2083, 3.20429, 3.19824, 3.19027, 3.18151, 3.17185, 3.16169, 3.15051, 3.1367, 3.11807, 3.09352, 3.06381, 3.04486, 3.03914, 3.0336, 3.02827, 3.0232, 3.01812, 3.01313, 3.00845, 3.00419, 3.00028, 2.99635, 2.99241, 2.98864, 2.98518, 2.98216, 2.9795, 2.97713, 2.97496, 2.97292, 2.97105, 2.96945, 2.96821, 2.96719, 2.96608, 2.96492, 2.96377, 2.96287, 2.96224, 2.96175, 2.96141, 2.96113, 2.96099, ],
    [2.85555, 2.85587, 2.85635, 2.85687, 2.85763, 2.85866, 2.85975, 2.8608, 2.86197, 2.86336, 2.86497, 2.86688, 2.86916, 2.87175, 2.87463, 2.87788, 2.88156, 2.88569, 2.89032, 2.89538, 2.90064, 2.90656, 2.91332, 2.92078, 2.92861, 2.93685, 2.94553, 2.95448, 2.96396, 2.97378, 2.98398, 2.9947, 3.02037, 3.05751, 3.08854, 3.11335, 3.1319, 3.14624, 3.15906, 3.17096, 3.18236, 3.19264, 3.20091, 3.20784, 3.21311, 3.21715, 3.22014, 3.22213, 3.22297, 3.22266, 3.22141, 3.21907, 3.21527, 3.20988, 3.20331, 3.19503, 3.18586, 3.17647, 3.16669, 3.15576, 3.1414, 3.12205, 3.09759, 3.06816, 3.04922, 3.04338, 3.03791, 3.03267, 3.02752, 3.02268, 3.01805, 3.01356, 3.00923, 3.0051, 3.00121, 2.99736, 2.99352, 2.98998, 2.98678, 2.98397, 2.98144, 2.97908, 2.97689, 2.97486, 2.97301, 2.97143, 2.97011, 2.96906, 2.96805, 2.96714, 2.96633, 2.96573, 2.9653, 2.96488, 2.96459, 2.96439, ],
