#!/usr/bin/env python
# -*- coding: utf-8 -*-
# Python script to plot scalar flux
# Generated by the C++ transport code

import numpy as np
import matplotlib.pyplot as plt

# Mesh Coordinates
x = np.array([0.0755, 0.63, 1.26, 1.89, 2.52, 3.15, 3.78, 4.41, 5.04, 5.67, 6.3, 6.93, 7.56, 8.19, 8.82, 9.45, 10.08, 10.71, 11.34, 11.97, 12.6, 13.23, 13.86, 14.49, 15.12, 15.75, 16.38, 17.01, 17.64, 18.27, 18.9, 19.53, 20.16, 20.79, 21.42, 22.05, 22.68, 23.31, 23.94, 24.57, 25.2, 25.83, 26.46, 27.09, 27.72, 28.35, 28.98, 29.61, 30.24, 30.87, 31.5, 32.13, 32.76, 33.39, 34.02, 34.65, 35.28, 35.91, 36.54, 37.17, 37.8, 38.43, 39.06, 39.69, 40.32, 40.95, 41.58, 42.21, 42.7645, ])
y = np.array([0.0755, 0.63, 1.26, 1.89, 2.52, 3.15, 3.78, 4.41, 5.04, 5.67, 6.3, 6.93, 7.56, 8.19, 8.82, 9.45, 10.08, 10.71, 11.34, 11.97, 12.6, 13.23, 13.86, 14.49, 15.12, 15.75, 16.38, 17.01, 17.64, 18.27, 18.9, 19.53, 20.16, 20.79, 21.42, 22.05, 22.68, 23.31, 23.94, 24.57, 25.2, 25.83, 26.46, 27.09, 27.72, 28.35, 28.98, 29.61, 30.24, 30.87, 31.5, 32.13, 32.76, 33.39, 34.02, 34.65, 35.28, 35.91, 36.54, 37.17, 37.8, 38.43, 39.06, 39.69, 40.32, 40.95, 41.58, 42.21, 42.7645, ])

X, Y = np.meshgrid(x, y)

# Create a figure with a tiled layout
fig, axs = plt.subplots(1, 2, figsize=(12, 6), constrained_layout=True)
axs = axs.flatten()

# --- Data and Plot for Group 1 ---
flux_g1 = np.array([
    [0.147213, 0.215174, 0.281743, 0.315459, 0.360953, 0.422678, 0.465527, 0.514174, 0.562218, 0.603676, 0.659658, 0.700906, 0.748592, 0.786993, 0.824775, 0.876421, 0.917924, 0.974208, 1.02958, 1.05477, 1.08497, 1.13197, 1.17436, 1.23524, 1.28808, 1.30262, 1.35262, 1.39231, 1.41064, 1.4689, 1.51233, 1.53167, 1.58613, 1.58483, 1.54048, 1.62064, 1.67612, 1.65333, 1.6729, 1.66659, 1.6266, 1.64759, 1.65077, 1.625, 1.62195, 1.60012, 1.5621, 1.52269, 1.48658, 1.46116, 1.43227, 1.39612, 1.3398, 1.27886, 1.22214, 1.16966, 1.1181, 1.06177, 0.99555, 0.925314, 0.879904, 0.788676, 0.701715, 0.65349, 0.576693, 0.490967, 0.434678, 0.328794, 0.216161, ],
    [0.215174, 0.284892, 0.36963, 0.444175, 0.508467, 0.578145, 0.649858, 0.712733, 0.774835, 0.833852, 0.900128, 0.9712, 1.02985, 1.08531, 1.14912, 1.2195, 1.28402, 1.34069, 1.40392, 1.46315, 1.51163, 1.57412, 1.64346, 1.69939, 1.75442, 1.80968, 1.86622, 1.93324, 1.99086, 2.02858, 2.08295, 2.13573, 2.16766, 2.20105, 2.23594, 2.25101, 2.28051, 2.3006, 2.30641, 2.30977, 2.31128, 2.29358, 2.27949, 2.26171, 2.24273, 2.21695, 2.17825, 2.12475, 2.08426, 2.03488, 1.98563, 1.93042, 1.85972, 1.78478, 1.7073, 1.62309, 1.55242, 1.4747, 1.38087, 1.28855, 1.1957, 1.09533, 1.00465, 0.901581, 0.791188, 0.68587, 0.571168, 0.438655, 0.328794, ],
    [0.281743, 0.36963, 0.455432, 0.571401, 0.676165, 0.750735, 0.838317, 0.925168, 1.00428, 1.08443, 1.16041, 1.24973, 1.34566, 1.41395, 1.48599, 1.57952, 1.67216, 1.74048, 1.80805, 1.89382, 1.96669, 2.04739, 2.15259, 2.20307, 2.24627, 2.34991, 2.43925, 2.50781, 2.58849, 2.64489, 2.70334, 2.76617, 2.8093, 2.87316, 2.9479, 2.94604, 2.94392, 2.98487, 2.99811, 3.0032, 3.01193, 2.99097, 2.97228, 2.94544, 2.90866, 2.87858, 2.84991, 2.78098, 2.71191, 2.6509, 2.57701, 2.49514, 2.42095, 2.32325, 2.22024, 2.12482, 2.02653, 1.90949, 1.80172, 1.67651, 1.54187, 1.43201, 1.31118, 1.16491, 1.03747, 0.884349, 0.715782, 0.571168, 0.434678, ],
    [0.315459, 0.444175, 0.571401, 0.676131, 0.794669, 0.904308, 1.00664, 1.10793, 1.20604, 1.29647, 1.39396, 1.49396, 1.58631, 1.68573, 1.78163, 1.87288, 1.98018, 2.08577, 2.16532, 2.24616, 2.34825, 2.44074, 2.53529, 2.63686, 2.71506, 2.80316, 2.91477, 3.01247, 3.09862, 3.18582, 3.25766, 3.31639, 3.399, 3.46219, 3.50683, 3.54511, 3.57685, 3.59167, 3.61803, 3.62321, 3.61887, 3.60178, 3.57035, 3.52384, 3.50044, 3.46727, 3.39502, 3.32029, 3.25437, 3.15978, 3.08031, 2.99952, 2.8899, 2.76942, 2.66479, 2.54011, 2.41606, 2.29763, 2.15708, 2.00461, 1.86715, 1.71996, 1.56462, 1.4049, 1.23829, 1.05794, 0.884349, 0.68587, 0.490967, ],
    [0.360953, 0.508467, 0.676165, 0.794669, 0.901993, 1.04618, 1.17937, 1.28587, 1.39944, 1.50917, 1.60883, 1.7176, 1.82455, 1.94253, 2.07452, 2.17795, 2.28108, 2.38424, 2.49332, 2.60864, 2.71211, 2.82603, 2.93097, 3.0212, 3.12685, 3.26037, 3.38917, 3.50681, 3.63588, 3.70445, 3.77793, 3.87721, 3.94652, 4.02309, 4.09989, 4.12938, 4.15901, 4.19603, 4.20709, 4.23083, 4.26274, 4.20384, 4.16428, 4.11069, 4.03994, 3.97733, 3.91864, 3.86202, 3.79144, 3.67836, 3.56023, 3.44818, 3.33697, 3.23073, 3.11226, 2.94398, 2.78975, 2.63931, 2.48399, 2.34011, 2.18132, 2.00003, 1.8403, 1.63699, 1.4254, 1.23829, 1.03747, 0.791188, 0.576693, ],
    [0.422678, 0.578145, 0.750735, 0.904308, 1.04618, 1.17625, 1.31751, 1.44882, 1.56774, 1.68489, 1.79051, 1.88698, 2.03249, 2.20013, 2.34191, 2.46631, 2.5533, 2.63982, 2.78789, 2.95568, 3.0877, 3.18404, 3.25194, 3.33046, 3.47979, 3.66424, 3.8184, 3.94923, 4.06168, 4.17284, 4.29872, 4.40968, 4.49408, 4.55538, 4.6374, 4.69157, 4.73593, 4.77227, 4.79003, 4.77219, 4.7675, 4.75172, 4.70956, 4.655, 4.53598, 4.40615, 4.40936, 4.39791, 4.31444, 4.19311, 4.00644, 3.8273, 3.76272, 3.67905, 3.53019, 3.35878, 3.13027, 2.91524, 2.79531, 2.6409, 2.44617, 2.26359, 2.06039, 1.84165, 1.63699, 1.4049, 1.16491, 0.901581, 0.65349, ],
    [0.465527, 0.649858, 0.838317, 1.00664, 1.17937, 1.31751, 1.44481, 1.59038, 1.736, 1.85359, 1.9608, 2.09157, 2.24026, 2.4427, 2.61095, 2.72764, 2.8427, 2.95789, 3.11555, 3.28167, 3.44435, 3.52659, 3.56526, 3.68701, 3.85878, 4.05545, 4.22232, 4.33322, 4.44311, 4.64934, 4.83537, 4.92074, 5.04921, 5.10899, 5.14178, 5.24923, 5.327, 5.33202, 5.39142, 5.323, 5.22333, 5.21662, 5.21077, 5.16683, 5.08655, 4.98099, 4.91708, 4.88887, 4.82281, 4.66463, 4.48219, 4.32268, 4.20761, 4.08215, 3.95137, 3.73739, 3.48638, 3.29417, 3.12754, 2.91668, 2.70516, 2.48246, 2.25512, 2.06039, 1.8403, 1.56462, 1.31118, 1.00465, 0.701715, ],
    [0.514174, 0.712733, 0.925168, 1.10793, 1.28587, 1.44882, 1.59038, 1.71378, 1.88504, 2.05726, 2.18739, 2.33298, 2.49969, 2.6877, 2.8698, 2.98853, 3.12337, 3.28874, 3.42917, 3.6009, 3.78017, 3.88735, 3.9762, 4.10954, 4.2862, 4.47372, 4.58947, 4.6834, 4.87954, 5.10581, 5.28292, 5.4099, 5.5274, 5.63238, 5.71559, 5.77532, 5.8335, 5.8614, 5.88754, 5.86132, 5.74692, 5.64428, 5.68846, 5.70371, 5.65951, 5.60056, 5.49208, 5.38851, 5.30422, 5.13987, 4.99074, 4.85454, 4.66944, 4.49893, 4.34157, 4.11127, 3.9055, 3.70534, 3.46254, 3.22292, 2.94684, 2.67208, 2.48246, 2.26359, 2.00003, 1.71996, 1.43201, 1.09533, 0.788676, ],
    [0.562218, 0.774835, 1.00428, 1.20604, 1.39944, 1.56774, 1.736, 1.88504, 2.0419, 2.24613, 2.43154, 2.58102, 2.74659, 2.94228, 3.13006, 3.26263, 3.38228, 3.54724, 3.72468, 3.92892, 4.12601, 4.25168, 4.3774, 4.5422, 4.72013, 4.87186, 4.98707, 5.13109, 5.34, 5.54997, 5.72807, 5.88485, 6.02632, 6.12353, 6.22852, 6.29089, 6.34884, 6.38093, 6.40101, 6.37214, 6.2973, 6.21901, 6.20504, 6.22924, 6.20362, 6.12195, 6.03387, 5.90601, 5.79348, 5.63203, 5.47489, 5.30634, 5.1246, 4.92771, 4.72716, 4.51028, 4.29321, 4.04253, 3.79999, 3.51747, 3.20483, 2.94684, 2.70516, 2.44617, 2.18132, 1.86715, 1.54187, 1.1957, 0.879904, ],
    [0.603676, 0.833852, 1.08443, 1.29647, 1.50917, 1.68489, 1.85359, 2.05726, 2.24613, 2.42633, 2.63487, 2.82748, 2.98604, 3.17159, 3.3772, 3.52155, 3.64707, 3.81156, 4.00457, 4.23924, 4.45211, 4.58823, 4.75531, 4.95573, 5.10867, 5.2367, 5.41063, 5.59187, 5.75009, 5.97806, 6.17649, 6.31866, 6.48353, 6.60652, 6.72273, 6.79601, 6.8535, 6.8617, 6.89826, 6.8951, 6.83846, 6.81732, 6.78222, 6.70648, 6.67262, 6.60311, 6.46954, 6.33844, 6.23027, 6.04495, 5.88209, 5.73075, 5.50898, 5.2894, 5.09611, 4.8364, 4.59102, 4.36094, 4.08587, 3.78554, 3.51747, 3.22292, 2.91668, 2.6409, 2.34011, 2.00461, 1.67651, 1.28855, 0.925314, ],
    [0.659658, 0.900128, 1.16041, 1.39396, 1.60883, 1.79051, 1.9608, 2.18739, 2.43154, 2.63487, 2.82601, 3.01458, 3.21128, 3.41537, 3.63051, 3.79051, 3.9174, 4.08372, 4.28407, 4.55022, 4.80444, 4.95697, 5.10488, 5.27891, 5.46823, 5.64269, 5.79971, 5.95869, 6.1325, 6.34208, 6.58031, 6.77877, 6.92589, 7.11015, 7.27956, 7.31048, 7.3526, 7.37169, 7.34603, 7.31715, 7.34629, 7.35651, 7.32597, 7.2234, 7.11459, 6.9871, 6.88595, 6.79976, 6.67885, 6.47901, 6.26491, 6.04959, 5.86781, 5.67979, 5.46173, 5.17639, 4.88763, 4.61209, 4.35407, 4.08587, 3.79999, 3.46254, 3.12754, 2.79531, 2.48399, 2.15708, 1.80172, 1.38087, 0.99555, ],
    [0.700906, 0.9712, 1.24973, 1.49396, 1.7176, 1.88698, 2.09157, 2.33298, 2.58102, 2.82748, 3.01458, 3.15978, 3.39943, 3.67067, 3.87844, 4.06692, 4.20207, 4.32949, 4.58538, 4.88259, 5.11721, 5.32097, 5.43358, 5.54648, 5.804, 6.05472, 6.19226, 6.33027, 6.49273, 6.67571, 6.97144, 7.26286, 7.46051, 7.60041, 7.73182, 7.81141, 7.87414, 7.8939, 7.78158, 7.65684, 7.76513, 7.86341, 7.8265, 7.72653, 7.52289, 7.30576, 7.30236, 7.28337, 7.13114, 6.93558, 6.62098, 6.30825, 6.2132, 6.07224, 5.82332, 5.54691, 5.16606, 4.81252, 4.61209, 4.36094, 4.04253, 3.70534, 3.29417, 2.91524, 2.63931, 2.29763, 1.90949, 1.4747, 1.06177, ],
    [0.748592, 1.02985, 1.34566, 1.58631, 1.82455, 2.03249, 2.24026, 2.49969, 2.74659, 2.98604, 3.21128, 3.39943, 3.59806, 3.8783, 4.13821, 4.30573, 4.47275, 4.66352, 4.89672, 5.1767, 5.44405, 5.61325, 5.77254, 5.95694, 6.18798, 6.41101, 6.59218, 6.76614, 6.90058, 7.15504, 7.4298, 7.70139, 7.97156, 8.07015, 8.18047, 8.28177, 8.38448, 8.3458, 8.26863, 8.21997, 8.22487, 8.3008, 8.30355, 8.16314, 7.98754, 7.84514, 7.76099, 7.67416, 7.5693, 7.31709, 7.0292, 6.78517, 6.59078, 6.394, 6.18064, 5.84609, 5.47587, 5.16606, 4.88763, 4.59102, 4.29321, 3.9055, 3.48638, 3.13027, 2.78975, 2.41606, 2.02653, 1.55242, 1.1181, ],
    [0.786993, 1.08531, 1.41395, 1.68573, 1.94253, 2.20013, 2.4427, 2.6877, 2.94228, 3.17159, 3.41537, 3.67067, 3.8783, 4.07259, 4.31453, 4.52333, 4.72545, 4.96226, 5.18009, 5.43766, 5.69225, 5.90421, 6.16372, 6.41007, 6.59542, 6.80938, 7.05141, 7.25064, 7.46918, 7.71176, 7.91647, 8.14083, 8.36151, 8.50697, 8.63718, 8.72018, 8.80786, 8.79935, 8.80147, 8.83715, 8.80107, 8.76529, 8.75935, 8.61819, 8.50724, 8.43152, 8.25233, 8.07583, 7.95243, 7.70876, 7.48717, 7.28782, 6.99867, 6.73477, 6.48856, 6.14206, 5.84609, 5.54691, 5.17639, 4.8364, 4.51028, 4.11127, 3.73739, 3.35878, 2.94398, 2.54011, 2.12482, 1.62309, 1.16966, ],
    [0.824775, 1.14912, 1.48599, 1.78163, 2.07452, 2.34191, 2.61095, 2.8698, 3.13006, 3.3772, 3.63051, 3.87844, 4.13821, 4.31453, 4.47864, 4.71384, 4.96171, 5.21111, 5.42422, 5.66638, 5.9163, 6.24163, 6.54695, 6.77248, 6.99781, 7.2336, 7.50086, 7.71301, 7.95861, 8.18155, 8.38357, 8.58926, 8.79424, 8.94082, 9.0557, 9.16927, 9.24796, 9.27636, 9.30686, 9.32275, 9.31636, 9.26488, 9.23214, 9.10218, 8.99012, 8.86758, 8.72862, 8.53131, 8.32744, 8.12452, 7.91323, 7.65698, 7.39133, 7.09318, 6.79088, 6.48856, 6.18064, 5.82332, 5.46173, 5.09611, 4.72716, 4.34157, 3.95137, 3.53019, 3.11226, 2.66479, 2.22024, 1.7073, 1.22214, ],
    [0.876421, 1.2195, 1.57952, 1.87288, 2.17795, 2.46631, 2.72764, 2.98853, 3.26263, 3.52155, 3.79051, 4.06692, 4.30573, 4.52333, 4.71384, 4.90989, 5.19858, 5.48678, 5.66879, 5.88287, 6.21518, 6.53331, 6.83083, 7.07949, 7.26735, 7.5197, 7.78985, 8.03778, 8.30541, 8.5614, 8.76134, 8.95995, 9.21699, 9.39219, 9.51383, 9.61218, 9.68646, 9.66108, 9.69528, 9.73552, 9.68661, 9.63895, 9.60928, 9.46334, 9.34831, 9.25627, 9.06103, 8.86664, 8.70501, 8.43214, 8.20368, 7.98684, 7.67649, 7.36305, 7.09318, 6.73477, 6.394, 6.07224, 5.67979, 5.2894, 4.92771, 4.49893, 4.08215, 3.67905, 3.23073, 2.76942, 2.32325, 1.78478, 1.27886, ],
    [0.917924, 1.28402, 1.67216, 1.98018, 2.28108, 2.5533, 2.8427, 3.12337, 3.38228, 3.64707, 3.9174, 4.20207, 4.47275, 4.72545, 4.96171, 5.19858, 5.44852, 5.6836, 5.92952, 6.21595, 6.52747, 6.83384, 7.10705, 7.28987, 7.47053, 7.75912, 8.07603, 8.38861, 8.64494, 8.8353, 9.08565, 9.3758, 9.62171, 9.81638, 10.0039, 10.057, 10.1037, 10.0874, 10.0338, 10.0034, 10.0355, 10.039, 10.0025, 9.85321, 9.66491, 9.48309, 9.35505, 9.23848, 9.08054, 8.77953, 8.4655, 8.1779, 7.92307, 7.67649, 7.39133, 6.99867, 6.59078, 6.2132, 5.86781, 5.50898, 5.1246, 4.66944, 4.20761, 3.76272, 3.33697, 2.8899, 2.42095, 1.85972, 1.3398, ],
    [0.974208, 1.34069, 1.74048, 2.08577, 2.38424, 2.63982, 2.95789, 3.28874, 3.54724, 3.81156, 4.08372, 4.32949, 4.66352, 4.96226, 5.21111, 5.48678, 5.6836, 5.856, 6.18287, 6.56971, 6.84902, 7.15749, 7.38799, 7.49751, 7.7459, 8.07471, 8.43024, 8.77468, 8.95279, 9.07899, 9.41228, 9.80706, 10.0399, 10.187, 10.3788, 10.4661, 10.5218, 10.5266, 10.3676, 10.2236, 10.3485, 10.4508, 10.4012, 10.2699, 9.9641, 9.64795, 9.65793, 9.62502, 9.41069, 9.149, 8.7248, 8.31308, 8.1779, 7.98684, 7.65698, 7.28782, 6.78517, 6.30825, 6.04959, 5.73075, 5.30634, 4.85454, 4.32268, 3.8273, 3.44818, 2.99952, 2.49514, 1.93042, 1.39612, ],
    [1.02958, 1.40392, 1.80805, 2.16532, 2.49332, 2.78789, 3.11555, 3.42917, 3.72468, 4.00457, 4.28407, 4.58538, 4.89672, 5.18009, 5.42422, 5.66879, 5.92952, 6.18287, 6.44347, 6.7813, 7.13539, 7.44429, 7.71572, 7.90911, 8.12168, 8.45383, 8.7922, 9.08945, 9.33118, 9.52459, 9.81231, 10.1439, 10.3984, 10.5872, 10.7804, 10.8378, 10.9011, 10.871, 10.7731, 10.7166, 10.7438, 10.7723, 10.7531, 10.5798, 10.3497, 10.1393, 10.0108, 9.89246, 9.73743, 9.4113, 9.0328, 8.7248, 8.4655, 8.20368, 7.91323, 7.48717, 7.0292, 6.62098, 6.26491, 5.88209, 5.47489, 4.99074, 4.48219, 4.00644, 3.56023, 3.08031, 2.57701, 1.98563, 1.43227, ],
    [1.05477, 1.46315, 1.89382, 2.24616, 2.60864, 2.95568, 3.28167, 3.6009, 3.92892, 4.23924, 4.55022, 4.88259, 5.1767, 5.43766, 5.66638, 5.88287, 6.21595, 6.56971, 6.7813, 7.01876, 7.41733, 7.77994, 8.10094, 8.38875, 8.61097, 8.891, 9.19638, 9.46009, 9.73944, 10.0235, 10.2449, 10.4759, 10.7615, 10.9443, 11.0772, 11.1779, 11.2562, 11.2084, 11.2204, 11.2536, 11.1856, 11.1315, 11.0989, 10.9122, 10.7629, 10.6433, 10.4106, 10.1956, 10.0047, 9.67489, 9.4113, 9.149, 8.77953, 8.43214, 8.12452, 7.70876, 7.31709, 6.93558, 6.47901, 6.04495, 5.63203, 5.13987, 4.66463, 4.19311, 3.67836, 3.15978, 2.6509, 2.03488, 1.46116, ],
    [1.08497, 1.51163, 1.96669, 2.34825, 2.71211, 3.0877, 3.44435, 3.78017, 4.12601, 4.45211, 4.80444, 5.11721, 5.44405, 5.69225, 5.9163, 6.21518, 6.52747, 6.84902, 7.13539, 7.41733, 7.70615, 8.11019, 8.47956, 8.75592, 9.03056, 9.29263, 9.59083, 9.85073, 10.148, 10.3926, 10.6188, 10.8727, 11.1285, 11.2616, 11.3497, 11.5094, 11.6198, 11.6078, 11.6171, 11.6221, 11.5998, 11.5189, 11.4584, 11.2841, 11.1257, 10.9671, 10.78, 10.5222, 10.2589, 10.0047, 9.73743, 9.41069, 9.08054, 8.70501, 8.32744, 7.95243, 7.5693, 7.13114, 6.67885, 6.23027, 5.79348, 5.30422, 4.82281, 4.31444, 3.79144, 3.25437, 2.71191, 2.08426, 1.48658, ],
    [1.13197, 1.57412, 2.04739, 2.44074, 2.82603, 3.18404, 3.52659, 3.88735, 4.25168, 4.58823, 4.95697, 5.32097, 5.61325, 5.90421, 6.24163, 6.53331, 6.83384, 7.15749, 7.44429, 7.77994, 8.11019, 8.38875, 8.73365, 9.04949, 9.27093, 9.51281, 9.80834, 10.0645, 10.3368, 10.6468, 10.9104, 11.1716, 11.4394, 11.6051, 11.7416, 11.8389, 11.9288, 11.8903, 11.875, 11.896, 11.8251, 11.7489, 11.7057, 11.4992, 11.336, 11.2212, 10.9731, 10.7108, 10.5222, 10.1956, 9.89246, 9.62502, 9.23848, 8.86664, 8.53131, 8.07583, 7.67416, 7.28337, 6.79976, 6.33844, 5.90601, 5.38851, 4.88887, 4.39791, 3.86202, 3.32029, 2.78098, 2.12475, 1.52269, ],
    [1.17436, 1.64346, 2.15259, 2.53529, 2.93097, 3.25194, 3.56526, 3.9762, 4.3774, 4.75531, 5.10488, 5.43358, 5.77254, 6.16372, 6.54695, 6.83083, 7.10705, 7.38799, 7.71572, 8.10094, 8.47956, 8.73365, 8.9801, 9.21522, 9.48637, 9.77416, 10.0038, 10.2342, 10.4364, 10.7888, 11.1351, 11.4759, 11.8295, 11.9562, 12.0935, 12.1896, 12.2817, 12.1882, 12.0615, 11.9944, 11.9762, 12.0216, 11.9783, 11.7468, 11.4878, 11.2819, 11.1388, 10.9731, 10.78, 10.4106, 10.0108, 9.65793, 9.35505, 9.06103, 8.72862, 8.25233, 7.76099, 7.30236, 6.88595, 6.46954, 6.03387, 5.49208, 4.91708, 4.40936, 3.91864, 3.39502, 2.84991, 2.17825, 1.5621, ],
    [1.23524, 1.69939, 2.20307, 2.63686, 3.0212, 3.33046, 3.68701, 4.10954, 4.5422, 4.95573, 5.27891, 5.54648, 5.95694, 6.41007, 6.77248, 7.07949, 7.28987, 7.49751, 7.90911, 8.38875, 8.75592, 9.04949, 9.21522, 9.36486, 9.74222, 10.118, 10.3101, 10.4919, 10.7009, 10.9437, 11.3782, 11.8067, 12.0684, 12.2362, 12.4016, 12.4732, 12.5269, 12.5113, 12.2821, 12.055, 12.1917, 12.308, 12.2185, 12.0304, 11.674, 11.3147, 11.2819, 11.2212, 10.9671, 10.6433, 10.1393, 9.64795, 9.48309, 9.25627, 8.86758, 8.43152, 7.84514, 7.30576, 6.9871, 6.60311, 6.12195, 5.60056, 4.98099, 4.40615, 3.97733, 3.46727, 2.87858, 2.21695, 1.60012, ],
    [1.28808, 1.75442, 2.24627, 2.71506, 3.12685, 3.47979, 3.85878, 4.2862, 4.72013, 5.10867, 5.46823, 5.804, 6.18798, 6.59542, 6.99781, 7.26735, 7.47053, 7.7459, 8.12168, 8.61097, 9.03056, 9.27093, 9.48637, 9.74222, 10.059, 10.3768, 10.6444, 10.8503, 11.0693, 11.3527, 11.7161, 12.0468, 12.2615, 12.4876, 12.7013, 12.7104, 12.7447, 12.7162, 12.5802, 12.4691, 12.4912, 12.4911, 12.4328, 12.2068, 11.9347, 11.674, 11.4878, 11.336, 11.1257, 10.7629, 10.3497, 9.9641, 9.66491, 9.34831, 8.99012, 8.50724, 7.98754, 7.52289, 7.11459, 6.67262, 6.20362, 5.65951, 5.08655, 4.53598, 4.03994, 3.50044, 2.90866, 2.24273, 1.62195, ],
    [1.30262, 1.80968, 2.34991, 2.80316, 3.26037, 3.66424, 4.05545, 4.47372, 4.87186, 5.2367, 5.64269, 6.05472, 6.41101, 6.80938, 7.2336, 7.5197, 7.75912, 8.07471, 8.45383, 8.891, 9.29263, 9.51281, 9.77416, 10.118, 10.3768, 10.6239, 10.9554, 11.2318, 11.4628, 11.8055, 12.0998, 12.3212, 12.5729, 12.7302, 12.872, 12.9378, 12.9845, 12.9284, 12.9115, 12.8503, 12.7054, 12.6425, 12.5456, 12.3366, 12.2068, 12.0304, 11.7468, 11.4992, 11.2841, 10.9122, 10.5798, 10.2699, 9.85321, 9.46334, 9.10218, 8.61819, 8.16314, 7.72653, 7.2234, 6.70648, 6.22924, 5.70371, 5.16683, 4.655, 4.11069, 3.52384, 2.94544, 2.26171, 1.625, ],
    [1.35262, 1.86622, 2.43925, 2.91477, 3.38917, 3.8184, 4.22232, 4.58947, 4.98707, 5.41063, 5.79971, 6.19226, 6.59218, 7.05141, 7.50086, 7.78985, 8.07603, 8.43024, 8.7922, 9.19638, 9.59083, 9.80834, 10.0038, 10.3101, 10.6444, 10.9554, 11.2085, 11.4359, 11.7665, 12.1293, 12.4321, 12.6582, 12.8673, 13.0017, 13.1368, 13.1846, 13.2202, 13.2024, 13.173, 13.0449, 12.8328, 12.6643, 12.604, 12.5456, 12.4328, 12.2185, 11.9783, 11.7057, 11.4584, 11.0989, 10.7531, 10.4012, 10.0025, 9.60928, 9.23214, 8.75935, 8.30355, 7.8265, 7.32597, 6.78222, 6.20504, 5.68846, 5.21077, 4.70956, 4.16428, 3.57035, 2.97228, 2.27949, 1.65077, ],
    [1.39231, 1.93324, 2.50781, 3.01247, 3.50681, 3.94923, 4.33322, 4.6834, 5.13109, 5.59187, 5.95869, 6.33027, 6.76614, 7.25064, 7.71301, 8.03778, 8.38861, 8.77468, 9.08945, 9.46009, 9.85073, 10.0645, 10.2342, 10.4919, 10.8503, 11.2318, 11.4359, 11.5723, 11.963, 12.4245, 12.7348, 12.9231, 13.1174, 13.2588, 13.3499, 13.4062, 13.4418, 13.4078, 13.3879, 13.2459, 12.9066, 12.6267, 12.6643, 12.6425, 12.4911, 12.308, 12.0216, 11.7489, 11.5189, 11.1315, 10.7723, 10.4508, 10.039, 9.63895, 9.26488, 8.76529, 8.3008, 7.86341, 7.35651, 6.81732, 6.21901, 5.64428, 5.21662, 4.75172, 4.20384, 3.60178, 2.99097, 2.29358, 1.64759, ],
    [1.41064, 1.99086, 2.58849, 3.09862, 3.63588, 4.06168, 4.44311, 4.87954, 5.34, 5.75009, 6.1325, 6.49273, 6.90058, 7.46918, 7.95861, 8.30541, 8.64494, 8.95279, 9.33118, 9.73944, 10.148, 10.3368, 10.4364, 10.7009, 11.0693, 11.4628, 11.7665, 11.963, 12.2046, 12.6781, 13.0586, 13.1658, 13.3806, 13.4533, 13.4678, 13.5968, 13.6653, 13.5944, 13.6482, 13.391, 13.0287, 12.9066, 12.8328, 12.7054, 12.4912, 12.1917, 11.9762, 11.8251, 11.5998, 11.1856, 10.7438, 10.3485, 10.0355, 9.68661, 9.31636, 8.80107, 8.22487, 7.76513, 7.34629, 6.83846, 6.2973, 5.74692, 5.22333, 4.7675, 4.26274, 3.61887, 3.01193, 2.31128, 1.6266, ],
    [1.4689, 2.02858, 2.64489, 3.18582, 3.70445, 4.17284, 4.64934, 5.10581, 5.54997, 5.97806, 6.34208, 6.67571, 7.15504, 7.71176, 8.18155, 8.5614, 8.8353, 9.07899, 9.52459, 10.0235, 10.3926, 10.6468, 10.7888, 10.9437, 11.3527, 11.8055, 12.1293, 12.4245, 12.6781, 12.9204, 13.1854, 13.3692, 13.4977, 13.5814, 13.6961, 13.7246, 13.7322, 13.7266, 13.6798, 13.5216, 13.391, 13.2459, 13.0449, 12.8503, 12.4691, 12.055, 11.9944, 11.896, 11.6221, 11.2536, 10.7166, 10.2236, 10.0034, 9.73552, 9.32275, 8.83715, 8.21997, 7.65684, 7.31715, 6.8951, 6.37214, 5.86132, 5.323, 4.77219, 4.23083, 3.62321, 3.0032, 2.30977, 1.66659, ],
    [1.51233, 2.08295, 2.70334, 3.25766, 3.77793, 4.29872, 4.83537, 5.28292, 5.72807, 6.17649, 6.58031, 6.97144, 7.4298, 7.91647, 8.38357, 8.76134, 9.08565, 9.41228, 9.81231, 10.2449, 10.6188, 10.9104, 11.1351, 11.3782, 11.7161, 12.0998, 12.4321, 12.7348, 13.0586, 13.1854, 13.354, 13.5256, 13.619, 13.7544, 13.8918, 13.848, 13.8131, 13.8182, 13.7527, 13.6798, 13.6482, 13.3879, 13.173, 12.9115, 12.5802, 12.2821, 12.0615, 11.875, 11.6171, 11.2204, 10.7731, 10.3676, 10.0338, 9.69528, 9.30686, 8.80147, 8.26863, 7.78158, 7.34603, 6.89826, 6.40101, 5.88754, 5.39142, 4.79003, 4.20709, 3.61803, 2.99811, 2.30641, 1.6729, ],
    [1.53167, 2.13573, 2.76617, 3.31639, 3.87721, 4.40968, 4.92074, 5.4099, 5.88485, 6.31866, 6.77877, 7.26286, 7.70139, 8.14083, 8.58926, 8.95995, 9.3758, 9.80706, 10.1439, 10.4759, 10.8727, 11.1716, 11.4759, 11.8067, 12.0468, 12.3212, 12.6582, 12.9231, 13.1658, 13.3692, 13.5256, 13.636, 13.7889, 13.8971, 13.9525, 13.9527, 13.9277, 13.8613, 13.8182, 13.7266, 13.5944, 13.4078, 13.2024, 12.9284, 12.7162, 12.5113, 12.1882, 11.8903, 11.6078, 11.2084, 10.871, 10.5266, 10.0874, 9.66108, 9.27636, 8.79935, 8.3458, 7.8939, 7.37169, 6.8617, 6.38093, 5.8614, 5.33202, 4.77227, 4.19603, 3.59167, 2.98487, 2.3006, 1.65333, ],
    [1.58613, 2.16766, 2.8093, 3.399, 3.94652, 4.49408, 5.04921, 5.5274, 6.02632, 6.48353, 6.92589, 7.46051, 7.97156, 8.36151, 8.79424, 9.21699, 9.62171, 10.0399, 10.3984, 10.7615, 11.1285, 11.4394, 11.8295, 12.0684, 12.2615, 12.5729, 12.8673, 13.1174, 13.3806, 13.4977, 13.619, 13.7889, 13.8789, 13.9816, 14.1434, 14.0281, 13.9418, 13.9277, 13.8131, 13.7322, 13.6653, 13.4418, 13.2202, 12.9845, 12.7447, 12.5269, 12.2817, 11.9288, 11.6198, 11.2562, 10.9011, 10.5218, 10.1037, 9.68646, 9.24796, 8.80786, 8.38448, 7.87414, 7.3526, 6.8535, 6.34884, 5.8335, 5.327, 4.73593, 4.15901, 3.57685, 2.94392, 2.28051, 1.67612, ],
    [1.58483, 2.20105, 2.87316, 3.46219, 4.02309, 4.55538, 5.10899, 5.63238, 6.12353, 6.60652, 7.11015, 7.60041, 8.07015, 8.50697, 8.94082, 9.39219, 9.81638, 10.187, 10.5872, 10.9443, 11.2616, 11.6051, 11.9562, 12.2362, 12.4876, 12.7302, 13.0017, 13.2588, 13.4533, 13.5814, 13.7544, 13.8971, 13.9816, 14.0151, 14.0385, 14.0245, 14.0281, 13.9527, 13.848, 13.7246, 13.5968, 13.4062, 13.1846, 12.9378, 12.7104, 12.4732, 12.1896, 11.8389, 11.5094, 11.1779, 10.8378, 10.4661, 10.057, 9.61218, 9.16927, 8.72018, 8.28177, 7.81141, 7.31048, 6.79601, 6.29089, 5.77532, 5.24923, 4.69157, 4.12938, 3.54511, 2.94604, 2.25101, 1.62064, ],
    [1.54048, 2.23594, 2.9479, 3.50683, 4.09989, 4.6374, 5.14178, 5.71559, 6.22852, 6.72273, 7.27956, 7.73182, 8.18047, 8.63718, 9.0557, 9.51383, 10.0039, 10.3788, 10.7804, 11.0772, 11.3497, 11.7416, 12.0935, 12.4016, 12.7013, 12.872, 13.1368, 13.3499, 13.4678, 13.6961, 13.8918, 13.9525, 14.1434, 14.0385, 13.8272, 14.0385, 14.1434, 13.9525, 13.8918, 13.6961, 13.4678, 13.3499, 13.1368, 12.872, 12.7013, 12.4016, 12.0935, 11.7416, 11.3497, 11.0772, 10.7804, 10.3788, 10.0039, 9.51383, 9.0557, 8.63718, 8.18047, 7.73182, 7.27956, 6.72273, 6.22852, 5.71559, 5.14178, 4.6374, 4.09989, 3.50683, 2.9479, 2.23594, 1.54048, ],
    [1.62064, 2.25101, 2.94604, 3.54511, 4.12938, 4.69157, 5.24923, 5.77532, 6.29089, 6.79601, 7.31048, 7.81141, 8.28177, 8.72018, 9.16927, 9.61218, 10.057, 10.4661, 10.8378, 11.1779, 11.5094, 11.8389, 12.1896, 12.4732, 12.7104, 12.9378, 13.1846, 13.4062, 13.5968, 13.7246, 13.848, 13.9527, 14.0281, 14.0245, 14.0385, 14.0151, 13.9816, 13.8971, 13.7544, 13.5814, 13.4533, 13.2588, 13.0017, 12.7302, 12.4876, 12.2362, 11.9562, 11.6051, 11.2616, 10.9443, 10.5872, 10.187, 9.81638, 9.39219, 8.94082, 8.50697, 8.07015, 7.60041, 7.11015, 6.60652, 6.12353, 5.63238, 5.10899, 4.55538, 4.02309, 3.46219, 2.87316, 2.20105, 1.58483, ],
    [1.67612, 2.28051, 2.94392, 3.57685, 4.15901, 4.73593, 5.327, 5.8335, 6.34884, 6.8535, 7.3526, 7.87414, 8.38448, 8.80786, 9.24796, 9.68646, 10.1037, 10.5218, 10.9011, 11.2562, 11.6198, 11.9288, 12.2817, 12.5269, 12.7447, 12.9845, 13.2202, 13.4418, 13.6653, 13.7322, 13.8131, 13.9277, 13.9418, 14.0281, 14.1434, 13.9816, 13.8789, 13.7889, 13.619, 13.4977, 13.3806, 13.1174, 12.8673, 12.5729, 12.2615, 12.0684, 11.8295, 11.4394, 11.1285, 10.7615, 10.3984, 10.0399, 9.62171, 9.21699, 8.79424, 8.36151, 7.97156, 7.46051, 6.92589, 6.48353, 6.02632, 5.5274, 5.04921, 4.49408, 3.94652, 3.399, 2.8093, 2.16766, 1.58613, ],
    [1.65333, 2.3006, 2.98487, 3.59167, 4.19603, 4.77227, 5.33202, 5.8614, 6.38093, 6.8617, 7.37169, 7.8939, 8.3458, 8.79935, 9.27636, 9.66108, 10.0874, 10.5266, 10.871, 11.2084, 11.6078, 11.8903, 12.1882, 12.5113, 12.7162, 12.9284, 13.2024, 13.4078, 13.5944, 13.7266, 13.8182, 13.8613, 13.9277, 13.9527, 13.9525, 13.8971, 13.7889, 13.636, 13.5256, 13.3692, 13.1658, 12.9231, 12.6582, 12.3212, 12.0468, 11.8067, 11.4759, 11.1716, 10.8727, 10.4759, 10.1439, 9.80706, 9.3758, 8.95995, 8.58926, 8.14083, 7.70139, 7.26286, 6.77877, 6.31866, 5.88485, 5.4099, 4.92074, 4.40968, 3.87721, 3.31639, 2.76617, 2.13573, 1.53167, ],
    [1.6729, 2.30641, 2.99811, 3.61803, 4.20709, 4.79003, 5.39142, 5.88754, 6.40101, 6.89826, 7.34603, 7.78158, 8.26863, 8.80147, 9.30686, 9.69528, 10.0338, 10.3676, 10.7731, 11.2204, 11.6171, 11.875, 12.0615, 12.2821, 12.5802, 12.9115, 13.173, 13.3879, 13.6482, 13.6798, 13.7527, 13.8182, 13.8131, 13.848, 13.8918, 13.7544, 13.619, 13.5256, 13.354, 13.1854, 13.0586, 12.7348, 12.4321, 12.0998, 11.7161, 11.3782, 11.1351, 10.9104, 10.6188, 10.2449, 9.81231, 9.41228, 9.08565, 8.76134, 8.38357, 7.91647, 7.4298, 6.97144, 6.58031, 6.17649, 5.72807, 5.28292, 4.83537, 4.29872, 3.77793, 3.25766, 2.70334, 2.08295, 1.51233, ],
    [1.66659, 2.30977, 3.0032, 3.62321, 4.23083, 4.77219, 5.323, 5.86132, 6.37214, 6.8951, 7.31715, 7.65684, 8.21997, 8.83715, 9.32275, 9.73552, 10.0034, 10.2236, 10.7166, 11.2536, 11.6221, 11.896, 11.9944, 12.055, 12.4691, 12.8503, 13.0449, 13.2459, 13.391, 13.5216, 13.6798, 13.7266, 13.7322, 13.7246, 13.6961, 13.5814, 13.4977, 13.3692, 13.1854, 12.9204, 12.6781, 12.4245, 12.1293, 11.8055, 11.3527, 10.9437, 10.7888, 10.6468, 10.3926, 10.0235, 9.52459, 9.07899, 8.8353, 8.5614, 8.18155, 7.71176, 7.15504, 6.67571, 6.34208, 5.97806, 5.54997, 5.10581, 4.64934, 4.17284, 3.70445, 3.18582, 2.64489, 2.02858, 1.4689, ],
    [1.6266, 2.31128, 3.01193, 3.61887, 4.26274, 4.7675, 5.22333, 5.74692, 6.2973, 6.83846, 7.34629, 7.76513, 8.22487, 8.80107, 9.31636, 9.68661, 10.0355, 10.3485, 10.7438, 11.1856, 11.5998, 11.8251, 11.9762, 12.1917, 12.4912, 12.7054, 12.8328, 12.9066, 13.0287, 13.391, 13.6482, 13.5944, 13.6653, 13.5968, 13.4678, 13.4533, 13.3806, 13.1658, 13.0586, 12.6781, 12.2046, 11.963, 11.7665, 11.4628, 11.0693, 10.7009, 10.4364, 10.3368, 10.148, 9.73944, 9.33118, 8.95279, 8.64494, 8.30541, 7.95861, 7.46918, 6.90058, 6.49273, 6.1325, 5.75009, 5.34, 4.87954, 4.44311, 4.06168, 3.63588, 3.09862, 2.58849, 1.99086, 1.41064, ],
    [1.64759, 2.29358, 2.99097, 3.60178, 4.20384, 4.75172, 5.21662, 5.64428, 6.21901, 6.81732, 7.35651, 7.86341, 8.3008, 8.76529, 9.26488, 9.63895, 10.039, 10.4508, 10.7723, 11.1315, 11.5189, 11.7489, 12.0216, 12.308, 12.4911, 12.6425, 12.6643, 12.6267, 12.9066, 13.2459, 13.3879, 13.4078, 13.4418, 13.4062, 13.3499, 13.2588, 13.1174, 12.9231, 12.7348, 12.4245, 11.963, 11.5723, 11.4359, 11.2318, 10.8503, 10.4919, 10.2342, 10.0645, 9.85073, 9.46009, 9.08945, 8.77468, 8.38861, 8.03778, 7.71301, 7.25064, 6.76614, 6.33027, 5.95869, 5.59187, 5.13109, 4.6834, 4.33322, 3.94923, 3.50681, 3.01247, 2.50781, 1.93324, 1.39231, ],
    [1.65077, 2.27949, 2.97228, 3.57035, 4.16428, 4.70956, 5.21077, 5.68846, 6.20504, 6.78222, 7.32597, 7.8265, 8.30355, 8.75935, 9.23214, 9.60928, 10.0025, 10.4012, 10.7531, 11.0989, 11.4584, 11.7057, 11.9783, 12.2185, 12.4328, 12.5456, 12.604, 12.6643, 12.8328, 13.0449, 13.173, 13.2024, 13.2202, 13.1846, 13.1368, 13.0017, 12.8673, 12.6582, 12.4321, 12.1293, 11.7665, 11.4359, 11.2085, 10.9554, 10.6444, 10.3101, 10.0038, 9.80834, 9.59083, 9.19638, 8.7922, 8.43024, 8.07603, 7.78985, 7.50086, 7.05141, 6.59218, 6.19226, 5.79971, 5.41063, 4.98707, 4.58947, 4.22232, 3.8184, 3.38917, 2.91477, 2.43925, 1.86622, 1.35262, ],
    [1.625, 2.26171, 2.94544, 3.52384, 4.11069, 4.655, 5.16683, 5.70371, 6.22924, 6.70648, 7.2234, 7.72653, 8.16314, 8.61819, 9.10218, 9.46334, 9.85321, 10.2699, 10.5798, 10.9122, 11.2841, 11.4992, 11.7468, 12.0304, 12.2068, 12.3366, 12.5456, 12.6425, 12.7054, 12.8503, 12.9115, 12.9284, 12.9845, 12.9378, 12.872, 12.7302, 12.5729, 12.3212, 12.0998, 11.8055, 11.4628, 11.2318, 10.9554, 10.6239, 10.3768, 10.118, 9.77416, 9.51281, 9.29263, 8.891, 8.45383, 8.07471, 7.75912, 7.5197, 7.2336, 6.80938, 6.41101, 6.05472, 5.64269, 5.2367, 4.87186, 4.47372, 4.05545, 3.66424, 3.26037, 2.80316, 2.34991, 1.80968, 1.30262, ],
    [1.62195, 2.24273, 2.90866, 3.50044, 4.03994, 4.53598, 5.08655, 5.65951, 6.20362, 6.67262, 7.11459, 7.52289, 7.98754, 8.50724, 8.99012, 9.34831, 9.66491, 9.9641, 10.3497, 10.7629, 11.1257, 11.336, 11.4878, 11.674, 11.9347, 12.2068, 12.4328, 12.4911, 12.4912, 12.4691, 12.5802, 12.7162, 12.7447, 12.7104, 12.7013, 12.4876, 12.2615, 12.0468, 11.7161, 11.3527, 11.0693, 10.8503, 10.6444, 10.3768, 10.059, 9.74222, 9.48637, 9.27093, 9.03056, 8.61097, 8.12168, 7.7459, 7.47053, 7.26735, 6.99781, 6.59542, 6.18798, 5.804, 5.46823, 5.10867, 4.72013, 4.2862, 3.85878, 3.47979, 3.12685, 2.71506, 2.24627, 1.75442, 1.28808, ],
    [1.60012, 2.21695, 2.87858, 3.46727, 3.97733, 4.40615, 4.98099, 5.60056, 6.12195, 6.60311, 6.9871, 7.30576, 7.84514, 8.43152, 8.86758, 9.25627, 9.48309, 9.64795, 10.1393, 10.6433, 10.9671, 11.2212, 11.2819, 11.3147, 11.674, 12.0304, 12.2185, 12.308, 12.1917, 12.055, 12.2821, 12.5113, 12.5269, 12.4732, 12.4016, 12.2362, 12.0684, 11.8067, 11.3782, 10.9437, 10.7009, 10.4919, 10.3101, 10.118, 9.74222, 9.36486, 9.21522, 9.04949, 8.75592, 8.38875, 7.90911, 7.49751, 7.28987, 7.07949, 6.77248, 6.41007, 5.95694, 5.54648, 5.27891, 4.95573, 4.5422, 4.10954, 3.68701, 3.33046, 3.0212, 2.63686, 2.20307, 1.69939, 1.23524, ],
    [1.5621, 2.17825, 2.84991, 3.39502, 3.91864, 4.40936, 4.91708, 5.49208, 6.03387, 6.46954, 6.88595, 7.30236, 7.76099, 8.25233, 8.72862, 9.06103, 9.35505, 9.65793, 10.0108, 10.4106, 10.78, 10.9731, 11.1388, 11.2819, 11.4878, 11.7468, 11.9783, 12.0216, 11.9762, 11.9944, 12.0615, 12.1882, 12.2817, 12.1896, 12.0935, 11.9562, 11.8295, 11.4759, 11.1351, 10.7888, 10.4364, 10.2342, 10.0038, 9.77416, 9.48637, 9.21522, 8.9801, 8.73365, 8.47956, 8.10094, 7.71572, 7.38799, 7.10705, 6.83083, 6.54695, 6.16372, 5.77254, 5.43358, 5.10488, 4.75531, 4.3774, 3.9762, 3.56526, 3.25194, 2.93097, 2.53529, 2.15259, 1.64346, 1.17436, ],
    [1.52269, 2.12475, 2.78098, 3.32029, 3.86202, 4.39791, 4.88887, 5.38851, 5.90601, 6.33844, 6.79976, 7.28337, 7.67416, 8.07583, 8.53131, 8.86664, 9.23848, 9.62502, 9.89246, 10.1956, 10.5222, 10.7108, 10.9731, 11.2212, 11.336, 11.4992, 11.7057, 11.7489, 11.8251, 11.896, 11.875, 11.8903, 11.9288, 11.8389, 11.7416, 11.6051, 11.4394, 11.1716, 10.9104, 10.6468, 10.3368, 10.0645, 9.80834, 9.51281, 9.27093, 9.04949, 8.73365, 8.38875, 8.11019, 7.77994, 7.44429, 7.15749, 6.83384, 6.53331, 6.24163, 5.90421, 5.61325, 5.32097, 4.95697, 4.58823, 4.25168, 3.88735, 3.52659, 3.18404, 2.82603, 2.44074, 2.04739, 1.57412, 1.13197, ],
    [1.48658, 2.08426, 2.71191, 3.25437, 3.79144, 4.31444, 4.82281, 5.30422, 5.79348, 6.23027, 6.67885, 7.13114, 7.5693, 7.95243, 8.32744, 8.70501, 9.08054, 9.41069, 9.73743, 10.0047, 10.2589, 10.5222, 10.78, 10.9671, 11.1257, 11.2841, 11.4584, 11.5189, 11.5998, 11.6221, 11.6171, 11.6078, 11.6198, 11.5094, 11.3497, 11.2616, 11.1285, 10.8727, 10.6188, 10.3926, 10.148, 9.85073, 9.59083, 9.29263, 9.03056, 8.75592, 8.47956, 8.11019, 7.70615, 7.41733, 7.13539, 6.84902, 6.52747, 6.21518, 5.9163, 5.69225, 5.44405, 5.11721, 4.80444, 4.45211, 4.12601, 3.78017, 3.44435, 3.0877, 2.71211, 2.34825, 1.96669, 1.51163, 1.08497, ],
    [1.46116, 2.03488, 2.6509, 3.15978, 3.67836, 4.19311, 4.66463, 5.13987, 5.63203, 6.04495, 6.47901, 6.93558, 7.31709, 7.70876, 8.12452, 8.43214, 8.77953, 9.149, 9.4113, 9.67489, 10.0047, 10.1956, 10.4106, 10.6433, 10.7629, 10.9122, 11.0989, 11.1315, 11.1856, 11.2536, 11.2204, 11.2084, 11.2562, 11.1779, 11.0772, 10.9443, 10.7615, 10.4759, 10.2449, 10.0235, 9.73944, 9.46009, 9.19638, 8.891, 8.61097, 8.38875, 8.10094, 7.77994, 7.41733, 7.01876, 6.7813, 6.56971, 6.21595, 5.88287, 5.66638, 5.43766, 5.1767, 4.88259, 4.55022, 4.23924, 3.92892, 3.6009, 3.28167, 2.95568, 2.60864, 2.24616, 1.89382, 1.46315, 1.05477, ],
    [1.43227, 1.98563, 2.57701, 3.08031, 3.56023, 4.00644, 4.48219, 4.99074, 5.47489, 5.88209, 6.26491, 6.62098, 7.0292, 7.48717, 7.91323, 8.20368, 8.4655, 8.7248, 9.0328, 9.4113, 9.73743, 9.89246, 10.0108, 10.1393, 10.3497, 10.5798, 10.7531, 10.7723, 10.7438, 10.7166, 10.7731, 10.871, 10.9011, 10.8378, 10.7804, 10.5872, 10.3984, 10.1439, 9.81231, 9.52459, 9.33118, 9.08945, 8.7922, 8.45383, 8.12168, 7.90911, 7.71572, 7.44429, 7.13539, 6.7813, 6.44347, 6.18287, 5.92952, 5.66879, 5.42422, 5.18009, 4.89672, 4.58538, 4.28407, 4.00457, 3.72468, 3.42917, 3.11555, 2.78789, 2.49332, 2.16532, 1.80805, 1.40392, 1.02958, ],
    [1.39612, 1.93042, 2.49514, 2.99952, 3.44818, 3.8273, 4.32268, 4.85454, 5.30634, 5.73075, 6.04959, 6.30825, 6.78517, 7.28782, 7.65698, 7.98684, 8.1779, 8.31308, 8.7248, 9.149, 9.41069, 9.62502, 9.65793, 9.64795, 9.9641, 10.2699, 10.4012, 10.4508, 10.3485, 10.2236, 10.3676, 10.5266, 10.5218, 10.4661, 10.3788, 10.187, 10.0399, 9.80706, 9.41228, 9.07899, 8.95279, 8.77468, 8.43024, 8.07471, 7.7459, 7.49751, 7.38799, 7.15749, 6.84902, 6.56971, 6.18287, 5.856, 5.6836, 5.48678, 5.21111, 4.96226, 4.66352, 4.32949, 4.08372, 3.81156, 3.54724, 3.28874, 2.95789, 2.63982, 2.38424, 2.08577, 1.74048, 1.34069, 0.974208, ],
    [1.3398, 1.85972, 2.42095, 2.8899, 3.33697, 3.76272, 4.20761, 4.66944, 5.1246, 5.50898, 5.86781, 6.2132, 6.59078, 6.99867, 7.39133, 7.67649, 7.92307, 8.1779, 8.4655, 8.77953, 9.08054, 9.23848, 9.35505, 9.48309, 9.66491, 9.85321, 10.0025, 10.039, 10.0355, 10.0034, 10.0338, 10.0874, 10.1037, 10.057, 10.0039, 9.81638, 9.62171, 9.3758, 9.08565, 8.8353, 8.64494, 8.38861, 8.07603, 7.75912, 7.47053, 7.28987, 7.10705, 6.83384, 6.52747, 6.21595, 5.92952, 5.6836, 5.44852, 5.19858, 4.96171, 4.72545, 4.47275, 4.20207, 3.9174, 3.64707, 3.38228, 3.12337, 2.8427, 2.5533, 2.28108, 1.98018, 1.67216, 1.28402, 0.917924, ],
    [1.27886, 1.78478, 2.32325, 2.76942, 3.23073, 3.67905, 4.08215, 4.49893, 4.92771, 5.2894, 5.67979, 6.07224, 6.394, 6.73477, 7.09318, 7.36305, 7.67649, 7.98684, 8.20368, 8.43214, 8.70501, 8.86664, 9.06103, 9.25627, 9.34831, 9.46334, 9.60928, 9.63895, 9.68661, 9.73552, 9.69528, 9.66108, 9.68646, 9.61218, 9.51383, 9.39219, 9.21699, 8.95995, 8.76134, 8.5614, 8.30541, 8.03778, 7.78985, 7.5197, 7.26735, 7.07949, 6.83083, 6.53331, 6.21518, 5.88287, 5.66879, 5.48678, 5.19858, 4.90989, 4.71384, 4.52333, 4.30573, 4.06692, 3.79051, 3.52155, 3.26263, 2.98853, 2.72764, 2.46631, 2.17795, 1.87288, 1.57952, 1.2195, 0.876421, ],
    [1.22214, 1.7073, 2.22024, 2.66479, 3.11226, 3.53019, 3.95137, 4.34157, 4.72716, 5.09611, 5.46173, 5.82332, 6.18064, 6.48856, 6.79088, 7.09318, 7.39133, 7.65698, 7.91323, 8.12452, 8.32744, 8.53131, 8.72862, 8.86758, 8.99012, 9.10218, 9.23214, 9.26488, 9.31636, 9.32275, 9.30686, 9.27636, 9.24796, 9.16927, 9.0557, 8.94082, 8.79424, 8.58926, 8.38357, 8.18155, 7.95861, 7.71301, 7.50086, 7.2336, 6.99781, 6.77248, 6.54695, 6.24163, 5.9163, 5.66638, 5.42422, 5.21111, 4.96171, 4.71384, 4.47864, 4.31453, 4.13821, 3.87844, 3.63051, 3.3772, 3.13006, 2.8698, 2.61095, 2.34191, 2.07452, 1.78163, 1.48599, 1.14912, 0.824775, ],
    [1.16966, 1.62309, 2.12482, 2.54011, 2.94398, 3.35878, 3.73739, 4.11127, 4.51028, 4.8364, 5.17639, 5.54691, 5.84609, 6.14206, 6.48856, 6.73477, 6.99867, 7.28782, 7.48717, 7.70876, 7.95243, 8.07583, 8.25233, 8.43152, 8.50724, 8.61819, 8.75935, 8.76529, 8.80107, 8.83715, 8.80147, 8.79935, 8.80786, 8.72018, 8.63718, 8.50697, 8.36151, 8.14083, 7.91647, 7.71176, 7.46918, 7.25064, 7.05141, 6.80938, 6.59542, 6.41007, 6.16372, 5.90421, 5.69225, 5.43766, 5.18009, 4.96226, 4.72545, 4.52333, 4.31453, 4.07259, 3.8783, 3.67067, 3.41537, 3.17159, 2.94228, 2.6877, 2.4427, 2.20013, 1.94253, 1.68573, 1.41395, 1.08531, 0.786993, ],
    [1.1181, 1.55242, 2.02653, 2.41606, 2.78975, 3.13027, 3.48638, 3.9055, 4.29321, 4.59102, 4.88763, 5.16606, 5.47587, 5.84609, 6.18064, 6.394, 6.59078, 6.78517, 7.0292, 7.31709, 7.5693, 7.67416, 7.76099, 7.84514, 7.98754, 8.16314, 8.30355, 8.3008, 8.22487, 8.21997, 8.26863, 8.3458, 8.38448, 8.28177, 8.18047, 8.07015, 7.97156, 7.70139, 7.4298, 7.15504, 6.90058, 6.76614, 6.59218, 6.41101, 6.18798, 5.95694, 5.77254, 5.61325, 5.44405, 5.1767, 4.89672, 4.66352, 4.47275, 4.30573, 4.13821, 3.8783, 3.59806, 3.39943, 3.21128, 2.98604, 2.74659, 2.49969, 2.24026, 2.03249, 1.82455, 1.58631, 1.34566, 1.02985, 0.748592, ],
    [1.06177, 1.4747, 1.90949, 2.29763, 2.63931, 2.91524, 3.29417, 3.70534, 4.04253, 4.36094, 4.61209, 4.81252, 5.16606, 5.54691, 5.82332, 6.07224, 6.2132, 6.30825, 6.62098, 6.93558, 7.13114, 7.28337, 7.30236, 7.30576, 7.52289, 7.72653, 7.8265, 7.86341, 7.76513, 7.65684, 7.78158, 7.8939, 7.87414, 7.81141, 7.73182, 7.60041, 7.46051, 7.26286, 6.97144, 6.67571, 6.49273, 6.33027, 6.19226, 6.05472, 5.804, 5.54648, 5.43358, 5.32097, 5.11721, 4.88259, 4.58538, 4.32949, 4.20207, 4.06692, 3.87844, 3.67067, 3.39943, 3.15978, 3.01458, 2.82748, 2.58102, 2.33298, 2.09157, 1.88698, 1.7176, 1.49396, 1.24973, 0.9712, 0.700906, ],
    [0.99555, 1.38087, 1.80172, 2.15708, 2.48399, 2.79531, 3.12754, 3.46254, 3.79999, 4.08587, 4.35407, 4.61209, 4.88763, 5.17639, 5.46173, 5.67979, 5.86781, 6.04959, 6.26491, 6.47901, 6.67885, 6.79976, 6.88595, 6.9871, 7.11459, 7.2234, 7.32597, 7.35651, 7.34629, 7.31715, 7.34603, 7.37169, 7.3526, 7.31048, 7.27956, 7.11015, 6.92589, 6.77877, 6.58031, 6.34208, 6.1325, 5.95869, 5.79971, 5.64269, 5.46823, 5.27891, 5.10488, 4.95697, 4.80444, 4.55022, 4.28407, 4.08372, 3.9174, 3.79051, 3.63051, 3.41537, 3.21128, 3.01458, 2.82601, 2.63487, 2.43154, 2.18739, 1.9608, 1.79051, 1.60883, 1.39396, 1.16041, 0.900128, 0.659658, ],
    [0.925314, 1.28855, 1.67651, 2.00461, 2.34011, 2.6409, 2.91668, 3.22292, 3.51747, 3.78554, 4.08587, 4.36094, 4.59102, 4.8364, 5.09611, 5.2894, 5.50898, 5.73075, 5.88209, 6.04495, 6.23027, 6.33844, 6.46954, 6.60311, 6.67262, 6.70648, 6.78222, 6.81732, 6.83846, 6.8951, 6.89826, 6.8617, 6.8535, 6.79601, 6.72273, 6.60652, 6.48353, 6.31866, 6.17649, 5.97806, 5.75009, 5.59187, 5.41063, 5.2367, 5.10867, 4.95573, 4.75531, 4.58823, 4.45211, 4.23924, 4.00457, 3.81156, 3.64707, 3.52155, 3.3772, 3.17159, 2.98604, 2.82748, 2.63487, 2.42633, 2.24613, 2.05726, 1.85359, 1.68489, 1.50917, 1.29647, 1.08443, 0.833852, 0.603676, ],
    [0.879904, 1.1957, 1.54187, 1.86715, 2.18132, 2.44617, 2.70516, 2.94684, 3.20483, 3.51747, 3.79999, 4.04253, 4.29321, 4.51028, 4.72716, 4.92771, 5.1246, 5.30634, 5.47489, 5.63203, 5.79348, 5.90601, 6.03387, 6.12195, 6.20362, 6.22924, 6.20504, 6.21901, 6.2973, 6.37214, 6.40101, 6.38093, 6.34884, 6.29089, 6.22852, 6.12353, 6.02632, 5.88485, 5.72807, 5.54997, 5.34, 5.13109, 4.98707, 4.87186, 4.72013, 4.5422, 4.3774, 4.25168, 4.12601, 3.92892, 3.72468, 3.54724, 3.38228, 3.26263, 3.13006, 2.94228, 2.74659, 2.58102, 2.43154, 2.24613, 2.0419, 1.88504, 1.736, 1.56774, 1.39944, 1.20604, 1.00428, 0.774835, 0.562218, ],
