%% MATLAB script to plot scalar flux in a tiled layout
% Generated by the C++ transport code

clear all; close all; clc;

% Mesh Coordinates
x = [0.03775 0.11325 0.3905 0.8695 1.1845 1.3355 1.6505 2.1295 2.4445 2.5955 2.9105 3.3895 3.7045 3.8555 4.1705 4.6495 4.9645 5.1155 5.4305 5.9095 6.2245 6.3755 6.6905 7.1695 7.4845 7.6355 7.9505 8.4295 8.7445 8.8955 9.2105 9.6895 10.0045 10.1555 10.4705 10.9495 11.2645 11.4155 11.7305 12.2095 12.5245 12.6755 12.9905 13.4695 13.7845 13.9355 14.2505 14.7295 15.0445 15.1955 15.5105 15.9895 16.3045 16.4555 16.7705 17.2495 17.5645 17.7155 18.0305 18.5095 18.8245 18.9755 19.2905 19.7695 20.0845 20.2355 20.5505 21.0295 21.3445 21.4955 21.8105 22.2895 22.6045 22.7555 23.0705 23.5495 23.8645 24.0155 24.3305 24.8095 25.1245 25.2755 25.5905 26.0695 26.3845 26.5355 26.8505 27.3295 27.6445 27.7955 28.1105 28.5895 28.9045 29.0555 29.3705 29.8495 30.1645 30.3155 30.6305 31.1095 31.4245 31.5755 31.8905 32.3695 32.6845 32.8355 33.1505 33.6295 33.9445 34.0955 34.4105 34.8895 35.2045 35.3555 35.6705 36.1495 36.4645 36.6155 36.9305 37.4095 37.7245 37.8755 38.1905 38.6695 38.9845 39.1355 39.4505 39.9295 40.2445 40.3955 40.7105 41.1895 41.5045 41.6555 41.9705 42.4495 42.7267 42.8022 ];
y = [0.03775 0.11325 0.3905 0.8695 1.1845 1.3355 1.6505 2.1295 2.4445 2.5955 2.9105 3.3895 3.7045 3.8555 4.1705 4.6495 4.9645 5.1155 5.4305 5.9095 6.2245 6.3755 6.6905 7.1695 7.4845 7.6355 7.9505 8.4295 8.7445 8.8955 9.2105 9.6895 10.0045 10.1555 10.4705 10.9495 11.2645 11.4155 11.7305 12.2095 12.5245 12.6755 12.9905 13.4695 13.7845 13.9355 14.2505 14.7295 15.0445 15.1955 15.5105 15.9895 16.3045 16.4555 16.7705 17.2495 17.5645 17.7155 18.0305 18.5095 18.8245 18.9755 19.2905 19.7695 20.0845 20.2355 20.5505 21.0295 21.3445 21.4955 21.8105 22.2895 22.6045 22.7555 23.0705 23.5495 23.8645 24.0155 24.3305 24.8095 25.1245 25.2755 25.5905 26.0695 26.3845 26.5355 26.8505 27.3295 27.6445 27.7955 28.1105 28.5895 28.9045 29.0555 29.3705 29.8495 30.1645 30.3155 30.6305 31.1095 31.4245 31.5755 31.8905 32.3695 32.6845 32.8355 33.1505 33.6295 33.9445 34.0955 34.4105 34.8895 35.2045 35.3555 35.6705 36.1495 36.4645 36.6155 36.9305 37.4095 37.7245 37.8755 38.1905 38.6695 38.9845 39.1355 39.4505 39.9295 40.2445 40.3955 40.7105 41.1895 41.5045 41.6555 41.9705 42.4495 42.7267 42.8022 ];

[X, Y] = meshgrid(x, y);

figure('Name', 'Scalar Flux Distribution', 'NumberTitle', 'off');
t = tiledlayout(1, 2, 'TileSpacing', 'compact');

% --- Data and Plot for Group 1 ---
flux_g1 = [
0.165467 0.170393 0.194733 0.240321 0.26921 0.279904 0.301692 0.342697 0.372401 0.381769 0.400912 0.438641 0.467606 0.477735 0.496709 0.533968 0.562843 0.573275 0.58863 0.624265 0.655033 0.666218 0.68098 0.715548 0.746281 0.755013 0.768826 0.806853 0.839283 0.848182 0.859351 0.893161 0.925813 0.935501 0.94771 0.98193 1.01316 1.0218 1.0314 1.06597 1.09995 1.10959 1.11731 1.14651 1.1785 1.18845 1.19786 1.23214 1.26488 1.27078 1.27497 1.30757 1.34214 1.3491 1.35401 1.38282 1.41359 1.41931 1.42202 1.45035 1.48278 1.48977 1.48584 1.506 1.53515 1.53999 1.53609 1.55257 1.57859 1.58221 1.5737 1.58462 1.60589 1.60813 1.59527 1.60155 1.62314 1.62432 1.60626 1.60313 1.61847 1.61776 1.59881 1.59188 1.60112 1.59852 1.57476 1.56265 1.57171 1.56806 1.53961 1.51949 1.52265 1.51553 1.48598 1.46143 1.45808 1.45097 1.41989 1.38957 1.38403 1.37672 1.34122 1.30629 1.29775 1.28728 1.24887 1.20889 1.19554 1.18469 1.1465 1.10227 1.08621 1.07519 1.03361 0.987319 0.969877 0.956722 0.913403 0.861702 0.839706 0.826083 0.785133 0.73134 0.705027 0.69097 0.647494 0.591943 0.564093 0.5495 0.505489 0.445497 0.414242 0.398299 0.354749 0.287085 0.250867 0.243417 ;
0.170393 0.177431 0.203828 0.252912 0.284218 0.295184 0.318299 0.361001 0.392683 0.403054 0.42306 0.463156 0.493407 0.504375 0.523581 0.562846 0.594204 0.604984 0.621201 0.65822 0.691079 0.703087 0.718612 0.754481 0.7863 0.796444 0.81075 0.850814 0.886407 0.896215 0.907042 0.941375 0.975926 0.987186 1.00019 1.03609 1.06914 1.07827 1.08753 1.12388 1.16162 1.17252 1.1789 1.2085 1.2428 1.25408 1.26374 1.29963 1.33508 1.34159 1.34532 1.37911 1.41712 1.42549 1.42905 1.45846 1.49146 1.49826 1.50018 1.53052 1.56682 1.57343 1.56761 1.58895 1.62226 1.62881 1.62222 1.63776 1.66534 1.66917 1.65969 1.67306 1.69825 1.69982 1.68387 1.68973 1.71464 1.71704 1.69622 1.69198 1.70862 1.70759 1.68679 1.68082 1.69309 1.6894 1.66206 1.64944 1.66078 1.65708 1.62554 1.60454 1.60847 1.60018 1.56728 1.54272 1.54229 1.53452 1.4986 1.46563 1.46169 1.45415 1.4165 1.37991 1.37107 1.35886 1.31709 1.27653 1.26419 1.25245 1.20984 1.16287 1.14703 1.13478 1.09137 1.0427 1.02446 1.01009 0.9636 0.909915 0.886907 0.872883 0.828305 0.771328 0.7442 0.728612 0.683756 0.625443 0.59602 0.579814 0.532927 0.470332 0.436523 0.41975 0.373119 0.300605 0.261296 0.250867 ;
0.194733 0.203828 0.242142 0.303053 0.335714 0.348342 0.38402 0.436284 0.465254 0.477241 0.510826 0.559671 0.585981 0.597358 0.632303 0.68007 0.704667 0.71662 0.750556 0.796186 0.819697 0.832313 0.868526 0.913663 0.933783 0.943455 0.979411 1.0283 1.05126 1.06206 1.09625 1.1392 1.1594 1.17157 1.20832 1.2522 1.26963 1.27879 1.3145 1.35899 1.37832 1.39015 1.42394 1.4613 1.47686 1.4893 1.52871 1.57144 1.58417 1.59115 1.62613 1.66809 1.68277 1.69153 1.72723 1.765 1.77513 1.78255 1.81627 1.85198 1.86137 1.86801 1.89651 1.92381 1.92868 1.93572 1.96294 1.98381 1.98362 1.9876 2.01055 2.02565 2.01977 2.02156 2.03896 2.04558 2.03784 2.04063 2.05428 2.05126 2.03512 2.03394 2.04339 2.03444 2.01321 2.00953 2.01378 1.99747 1.97351 1.96961 1.96972 1.94552 1.91456 1.9052 1.89891 1.86815 1.83449 1.82593 1.81478 1.77457 1.738 1.73031 1.71622 1.67132 1.6299 1.61627 1.59563 1.54549 1.50258 1.48966 1.46589 1.40855 1.36293 1.35088 1.32405 1.26303 1.21535 1.19971 1.16729 1.10159 1.05279 1.03711 1.00243 0.933163 0.882913 0.866606 0.828199 0.756191 0.705495 0.687133 0.644504 0.56757 0.514995 0.496136 0.447935 0.357733 0.300605 0.287085 ;
0.240321 0.252912 0.303053 0.381005 0.421695 0.437615 0.484903 0.551131 0.585674 0.601345 0.64729 0.70899 0.739539 0.754261 0.801848 0.862715 0.889559 0.90415 0.952432 1.01067 1.03517 1.04986 1.10104 1.15896 1.17915 1.19161 1.24295 1.30452 1.32662 1.33962 1.39134 1.44659 1.46405 1.47887 1.53249 1.58801 1.60254 1.614 1.66864 1.72536 1.73943 1.75351 1.80694 1.85602 1.86605 1.88008 1.93901 1.99343 1.99997 2.00945 2.06506 2.11818 2.12553 2.13669 2.19363 2.24216 2.24484 2.25456 2.30831 2.3544 2.35451 2.36189 2.41076 2.44591 2.44025 2.44942 2.49661 2.524 2.51214 2.51711 2.55845 2.57779 2.55765 2.55936 2.59431 2.60281 2.57884 2.58182 2.61292 2.60925 2.57649 2.57596 2.60001 2.58856 2.54919 2.54421 2.56249 2.54101 2.49669 2.49164 2.50503 2.47367 2.42222 2.4127 2.41685 2.37703 2.32232 2.31159 2.30891 2.25798 2.19988 2.18864 2.18111 2.12408 2.0614 2.04559 2.03013 1.96645 1.90202 1.886 1.86459 1.7917 1.72528 1.70886 1.68287 1.60565 1.53663 1.51734 1.48423 1.40139 1.33238 1.31276 1.27429 1.1858 1.11668 1.09486 1.05029 0.958597 0.889138 0.865838 0.815152 0.717827 0.647935 0.624069 0.563888 0.447935 0.373119 0.354749 ;
0.26921 0.284218 0.335714 0.421695 0.474259 0.493948 0.538907 0.611592 0.6587 0.678583 0.720736 0.788764 0.83399 0.85273 0.893924 0.960252 1.00337 1.021 1.06161 1.12552 1.16729 1.18575 1.22627 1.289 1.32801 1.34494 1.3851 1.45196 1.49576 1.51238 1.55145 1.61135 1.64956 1.66813 1.70807 1.76856 1.80589 1.82088 1.86044 1.92262 1.96116 1.97817 2.01353 2.06737 2.10291 2.12002 2.1596 2.21959 2.25548 2.26843 2.3035 2.36114 2.39772 2.41282 2.44586 2.4984 2.53189 2.54473 2.57416 2.62549 2.65859 2.66795 2.69099 2.7298 2.75665 2.76792 2.78565 2.81566 2.8356 2.84196 2.85469 2.87612 2.89 2.89223 2.89746 2.90677 2.91299 2.91641 2.91538 2.91105 2.90927 2.90844 2.89965 2.88809 2.88194 2.87557 2.86031 2.83657 2.82121 2.81457 2.79379 2.75851 2.73491 2.72331 2.69497 2.65212 2.62516 2.61171 2.57612 2.52016 2.48536 2.47046 2.43222 2.3699 2.32899 2.30953 2.26448 2.19512 2.15087 2.13084 2.07806 1.99785 1.94951 1.92771 1.87452 1.79083 1.73754 1.71309 1.65517 1.56454 1.50755 1.48327 1.41952 1.32231 1.26256 1.23466 1.1689 1.06788 1.00435 0.974932 0.905613 0.798539 0.731312 0.701797 0.624069 0.496136 0.41975 0.398299 ;
0.279904 0.295184 0.348342 0.437615 0.493948 0.516659 0.561247 0.637128 0.689584 0.710627 0.751408 0.821096 0.871961 0.892454 0.931345 0.999697 1.04871 1.06826 1.10534 1.17128 1.22041 1.24092 1.27723 1.34146 1.3882 1.40656 1.44256 1.51008 1.56177 1.58134 1.61555 1.67854 1.72678 1.74678 1.78038 1.84256 1.88948 1.90589 1.9381 2.00117 2.04919 2.06698 2.09549 2.15225 2.19935 2.21904 2.24976 2.3112 2.35983 2.37498 2.4 2.45798 2.50744 2.52467 2.54802 2.60256 2.65056 2.66461 2.68308 2.73667 2.78397 2.79508 2.80475 2.84449 2.8864 2.89749 2.90226 2.93404 2.96982 2.97726 2.97544 2.99628 3.02501 3.02862 3.01965 3.03015 3.0523 3.0556 3.04037 3.03584 3.04852 3.04705 3.02217 3.00915 3.0168 3.01006 2.97988 2.95783 2.95734 2.94916 2.91269 2.87619 2.86558 2.85244 2.80877 2.7624 2.74616 2.73147 2.68283 2.62773 2.60506 2.58871 2.53655 2.47233 2.44157 2.42064 2.36091 2.28644 2.2502 2.22797 2.16375 2.08256 2.04183 2.01795 1.953 1.86704 1.8206 1.79426 1.72467 1.62957 1.57777 1.55081 1.47794 1.37811 1.32226 1.29265 1.21831 1.11379 1.05209 1.02088 0.943715 0.831335 0.764508 0.731312 0.647935 0.514995 0.436523 0.414242 ;
0.301692 0.318299 0.38402 0.484903 0.538907 0.561247 0.620645 0.705686 0.752222 0.773226 0.831199 0.909583 0.949994 0.969713 1.02788 1.1052 1.14238 1.16025 1.21989 1.29434 1.3274 1.347 1.40884 1.48199 1.51068 1.5279 1.59148 1.66812 1.70108 1.72143 1.78388 1.85477 1.8818 1.90133 1.96673 2.03671 2.05838 2.07329 2.13716 2.20955 2.23381 2.24999 2.31369 2.37863 2.39556 2.41439 2.4841 2.55154 2.5664 2.58145 2.6488 2.71532 2.73219 2.75148 2.81814 2.88029 2.89226 2.90602 2.97011 3.03006 3.03755 3.04743 3.10201 3.14789 3.15013 3.16153 3.21282 3.24823 3.24073 3.24842 3.29346 3.31782 3.3036 3.30668 3.34252 3.35359 3.33117 3.33516 3.3676 3.3637 3.32854 3.32668 3.34885 3.33413 3.29309 3.28487 3.2976 3.2703 3.22093 3.2138 3.22421 3.18479 3.12543 3.11271 3.10973 3.05809 2.99804 2.98334 2.96928 2.90508 2.83835 2.82333 2.80944 2.73734 2.66162 2.6408 2.61373 2.53042 2.45485 2.43284 2.3956 2.30234 2.22268 2.19997 2.16274 2.06493 1.98064 1.95463 1.90797 1.8016 1.71754 1.69189 1.63699 1.52406 1.43877 1.4102 1.35057 1.23262 1.14535 1.11441 1.04607 0.919857 0.831335 0.798539 0.717827 0.56757 0.470332 0.445497 ;
0.342697 0.361001 0.436284 0.551131 0.611592 0.637128 0.705686 0.801899 0.852901 0.876445 0.944784 1.03408 1.07762 1.09965 1.16752 1.2547 1.29419 1.31374 1.38333 1.46822 1.50143 1.52139 1.59362 1.67521 1.70427 1.72377 1.80144 1.89184 1.92658 1.95014 2.02488 2.10462 2.12944 2.1485 2.22545 2.30282 2.32218 2.34148 2.42161 2.50729 2.53101 2.5475 2.62375 2.69677 2.70884 2.72733 2.81019 2.8839 2.89385 2.9142 3.00228 3.08288 3.09736 3.11926 3.20266 3.27515 3.28267 3.29819 3.37987 3.44782 3.44817 3.46143 3.53376 3.58967 3.58507 3.59567 3.66264 3.70421 3.68846 3.69732 3.75592 3.78227 3.75759 3.76346 3.81243 3.82277 3.78707 3.78947 3.83533 3.83213 3.78287 3.77998 3.81367 3.79589 3.74027 3.73338 3.75391 3.71509 3.64567 3.63545 3.65625 3.61313 3.53887 3.5267 3.5338 3.47935 3.40598 3.38957 3.37827 3.29964 3.21269 3.1937 3.18513 3.10509 3.01393 2.99277 2.97074 2.87868 2.78833 2.76277 2.72362 2.61244 2.51329 2.48699 2.45067 2.34249 2.24323 2.21518 2.16828 2.04953 1.95083 1.92022 1.86192 1.73417 1.63379 1.60169 1.53676 1.40229 1.29961 1.26471 1.18931 1.04607 0.943715 0.905613 0.815152 0.644504 0.532927 0.505489 ;
0.372401 0.392683 0.465254 0.585674 0.6587 0.689584 0.752222 0.852901 0.921284 0.949164 1.0083 1.1017 1.1637 1.19096 1.24516 1.3352 1.39639 1.42045 1.47311 1.56065 1.61856 1.6411 1.69076 1.77292 1.83043 1.85721 1.91454 2.01064 2.07635 2.10475 2.15557 2.23814 2.29629 2.31768 2.3631 2.44071 2.49621 2.52261 2.57534 2.66649 2.72793 2.74799 2.79137 2.86597 2.91744 2.9381 2.981 3.05525 3.11068 3.13946 3.19331 3.28064 3.34309 3.36875 3.41178 3.4893 3.54704 3.56704 3.60658 3.67919 3.7311 3.7483 3.77312 3.83334 3.88321 3.89549 3.91532 3.96099 3.99987 4.01075 4.01672 4.042 4.06938 4.07695 4.07219 4.08235 4.1023 4.10411 4.095 4.09093 4.09458 4.09061 4.0677 4.04734 4.04423 4.03736 4.00121 3.95605 3.9352 3.91912 3.8812 3.83693 3.81719 3.805 3.76119 3.70735 3.68095 3.66122 3.59839 3.51333 3.46779 3.44086 3.37953 3.29842 3.25389 3.23082 3.16143 3.06711 3.01438 2.98343 2.89926 2.77993 2.71187 2.67626 2.59742 2.48885 2.42509 2.39282 2.30771 2.18554 2.11218 2.07427 1.98355 1.85127 1.77192 1.7322 1.63816 1.49652 1.40772 1.36625 1.26471 1.11441 1.02088 0.974932 0.865838 0.687133 0.579814 0.5495 ;
0.381769 0.403054 0.477241 0.601345 0.678583 0.710627 0.773226 0.876445 0.949164 0.979082 1.03663 1.13355 1.20114 1.2287 1.27961 1.3704 1.43785 1.46282 1.51156 1.60038 1.66379 1.68648 1.72713 1.80892 1.87667 1.9083 1.96385 2.06308 2.13815 2.16761 2.21276 2.29587 2.36203 2.38512 2.41814 2.49444 2.5634 2.59356 2.64154 2.73566 2.80828 2.8302 2.86472 2.93993 3.00053 3.01996 3.04679 3.11872 3.19091 3.22555 3.27427 3.36649 3.44369 3.47174 3.50398 3.5848 3.65866 3.68195 3.7098 3.78159 3.84748 3.86485 3.87755 3.94051 4.00626 4.02071 4.02678 4.07467 4.1299 4.14137 4.13241 4.15789 4.20157 4.20815 4.18729 4.19636 4.23129 4.23324 4.20885 4.20757 4.22768 4.22257 4.18239 4.1608 4.17327 4.16526 4.11151 4.05931 4.04637 4.02628 3.96618 3.92368 3.92682 3.91759 3.86319 3.81105 3.79791 3.77653 3.69729 3.6064 3.56719 3.53436 3.45261 3.37279 3.34753 3.3249 3.24547 3.15231 3.1099 3.07783 2.98004 2.8552 2.79019 2.74847 2.65297 2.54401 2.494 2.46054 2.36759 2.24569 2.17876 2.13946 2.03852 1.90375 1.82879 1.78788 1.68467 1.53797 1.45199 1.40772 1.29961 1.14535 1.05209 1.00435 0.889138 0.705495 0.59602 0.564093 ;
0.400912 0.42306 0.510826 0.64729 0.720736 0.751408 0.831199 0.944784 1.0083 1.03663 1.11335 1.21906 1.27355 1.2993 1.37418 1.47287 1.52157 1.54442 1.61658 1.7112 1.75297 1.76747 1.81304 1.89968 1.96825 2.0088 2.10315 2.21563 2.26564 2.29271 2.37435 2.4627 2.48995 2.50091 2.5383 2.61926 2.68957 2.7324 2.83326 2.94022 2.97613 2.99676 3.07176 3.14806 3.16298 3.1671 3.19746 3.27348 3.34656 3.39688 3.50591 3.61426 3.64934 3.67637 3.7663 3.85476 3.87565 3.89723 3.98271 4.0641 4.081 4.09771 4.17121 4.24059 4.2502 4.26296 4.32818 4.37865 4.37552 4.38635 4.44176 4.47328 4.45829 4.46568 4.50871 4.51921 4.49136 4.49209 4.52767 4.52348 4.47972 4.47518 4.50223 4.47985 4.42466 4.41652 4.42594 4.36391 4.27413 4.2337 4.17301 4.12754 4.12796 4.1396 4.15594 4.10458 4.02863 4.0084 3.98387 3.87734 3.76379 3.71241 3.6303 3.54639 3.51641 3.51163 3.49109 3.3942 3.29724 3.26706 3.21255 3.07062 2.94367 2.88774 2.79152 2.6764 2.61958 2.59882 2.54351 2.41098 2.30207 2.26561 2.19325 2.04529 1.93286 1.89464 1.81272 1.65343 1.53797 1.49652 1.40229 1.23262 1.11379 1.06788 0.958597 0.756191 0.625443 0.591943 ;
0.438641 0.463156 0.559671 0.70899 0.788764 0.821096 0.909583 1.03408 1.1017 1.13355 1.21906 1.33384 1.39069 1.41706 1.50037 1.60626 1.65498 1.68132 1.76382 1.86323 1.90107 1.91147 1.95623 2.05629 2.14038 2.18807 2.29743 2.42391 2.47509 2.5022 2.59445 2.68798 2.70767 2.7127 2.7479 2.84161 2.92789 2.97799 3.0971 3.21651 3.24989 3.27375 3.35798 3.43195 3.43456 3.42911 3.4522 3.54041 3.63433 3.69667 3.82929 3.95398 3.98367 4.00936 4.11404 4.20946 4.224 4.25042 4.35794 4.45548 4.46955 4.48605 4.5767 4.65366 4.65541 4.67052 4.75002 4.80599 4.79369 4.80462 4.87605 4.91117 4.88598 4.89461 4.95215 4.96435 4.92514 4.9283 4.97205 4.95907 4.89614 4.88728 4.92535 4.90137 4.83258 4.82605 4.85094 4.78606 4.67625 4.62419 4.54524 4.49242 4.50165 4.52159 4.55463 4.50331 4.41189 4.39075 4.37362 4.25415 4.1179 4.05777 3.95707 3.85947 3.83361 3.83544 3.826 3.72361 3.61011 3.57738 3.52501 3.36774 3.22004 3.15645 3.04201 2.90944 2.85193 2.83561 2.78261 2.63511 2.50757 2.46707 2.3938 2.23509 2.11056 2.07117 1.9858 1.81272 1.68467 1.63816 1.53676 1.35057 1.21831 1.1689 1.05029 0.828199 0.683756 0.647494 ;
0.467606 0.493407 0.585981 0.739539 0.83399 0.871961 0.949994 1.07762 1.1637 1.20114 1.27355 1.39069 1.47149 1.5015 1.5623 1.66688 1.74113 1.77508 1.83911 1.94052 2.00499 2.021 2.05831 2.16826 2.27359 2.32161 2.40034 2.52923 2.61744 2.64923 2.70782 2.80332 2.86573 2.88019 2.90646 3.00899 3.11623 3.16244 3.23661 3.3557 3.43519 3.46403 3.50544 3.57772 3.62761 3.62905 3.63527 3.73257 3.85433 3.91505 3.99811 4.12395 4.20738 4.23355 4.27952 4.37569 4.45833 4.49433 4.55049 4.6573 4.73647 4.75698 4.78912 4.87088 4.94172 4.96131 4.97747 5.03593 5.09408 5.10703 5.11096 5.1461 5.18924 5.19855 5.18539 5.19598 5.22641 5.23101 5.20178 5.18101 5.18396 5.16875 5.12619 5.10147 5.10917 5.1065 5.06347 5.0046 4.9714 4.93046 4.82681 4.76947 4.79762 4.80267 4.7623 4.70902 4.68086 4.65598 4.57303 4.45407 4.38436 4.33312 4.20553 4.098 4.08592 4.07299 3.99887 3.89313 3.83098 3.79185 3.68365 3.52519 3.42944 3.37094 3.23037 3.08401 3.03357 3.00447 2.90226 2.74767 2.65177 2.60001 2.48559 2.32834 2.23827 2.19329 2.07117 1.89464 1.78788 1.7322 1.60169 1.4102 1.29265 1.23466 1.09486 0.866606 0.728612 0.69097 ;
0.477735 0.504375 0.597358 0.754261 0.85273 0.892454 0.969713 1.09965 1.19096 1.2287 1.2993 1.41706 1.5015 1.53339 1.58564 1.68824 1.77132 1.80906 1.87184 1.97596 2.04863 2.06755 2.10613 2.22117 2.33168 2.38026 2.45075 2.58005 2.67825 2.71171 2.76251 2.8603 2.93617 2.95637 2.99078 3.09651 3.20075 3.24466 3.30568 3.42384 3.51623 3.54619 3.57622 3.64802 3.71086 3.71574 3.71973 3.82087 3.94885 4.00713 4.07718 4.20142 4.2954 4.31923 4.34238 4.43464 4.53959 4.58271 4.63483 4.75083 4.84684 4.8701 4.88953 4.97366 5.06271 5.08467 5.08658 5.14299 5.21564 5.2299 5.2201 5.25919 5.31918 5.32647 5.29516 5.30465 5.35109 5.35472 5.30735 5.27831 5.28842 5.26584 5.19579 5.17589 5.21388 5.21716 5.16313 5.11158 5.10206 5.07101 4.97712 4.91812 4.93461 4.92871 4.86581 4.81059 4.79785 4.77136 4.67065 4.55109 4.50027 4.45578 4.33489 4.22406 4.20008 4.17726 4.08358 3.97633 3.92625 3.88562 3.76262 3.60302 3.5219 3.46767 3.33077 3.1784 3.11641 3.07882 2.96051 2.79913 2.70474 2.64629 2.51723 2.36135 2.28432 2.23827 2.11056 1.93286 1.82879 1.77192 1.63379 1.43877 1.32226 1.26256 1.11668 0.882913 0.7442 0.705027 ;
0.496709 0.523581 0.632303 0.801848 0.893924 0.931345 1.02788 1.16752 1.24516 1.27961 1.37418 1.50037 1.5623 1.58564 1.64362 1.74992 1.83209 1.87684 1.97665 2.09447 2.14345 2.15914 2.21985 2.34802 2.44627 2.49308 2.60194 2.7395 2.80476 2.83532 2.92363 3.03162 3.07565 3.09762 3.18615 3.30251 3.35945 3.39662 3.50309 3.62892 3.68176 3.70949 3.79082 3.87256 3.8907 3.89005 3.92324 4.03148 4.13226 4.18829 4.31793 4.44381 4.46887 4.47271 4.50315 4.59923 4.70074 4.76479 4.90365 5.03323 5.0604 5.08339 5.17882 5.27053 5.2899 5.31058 5.38956 5.45304 5.45513 5.46809 5.53218 5.57294 5.55708 5.56284 5.61251 5.62322 5.58815 5.59089 5.62785 5.59152 5.50312 5.45445 5.38939 5.36839 5.40035 5.429 5.47112 5.43174 5.34865 5.32982 5.33133 5.26783 5.18749 5.17381 5.17448 5.10569 5.01753 4.99291 4.95926 4.83687 4.71941 4.68586 4.64364 4.52176 4.41157 4.38311 4.34211 4.21864 4.10369 4.06618 3.99651 3.82964 3.69202 3.64795 3.56995 3.40159 3.26932 3.22826 3.14631 2.96085 2.80605 2.73581 2.6069 2.44534 2.36135 2.32834 2.23509 2.04529 1.90375 1.85127 1.73417 1.52406 1.37811 1.32231 1.1858 0.933163 0.771328 0.73134 ;
0.533968 0.562846 0.68007 0.862715 0.960252 0.999697 1.1052 1.2547 1.3352 1.3704 1.47287 1.60626 1.66688 1.68824 1.74992 1.86992 1.96323 2.01173 2.12614 2.2602 2.3132 2.33412 2.41104 2.54937 2.64405 2.68938 2.80629 2.94789 3.01024 3.0435 3.14386 3.26144 3.30418 3.32767 3.43028 3.55753 3.61253 3.65123 3.77066 3.90427 3.95379 3.98081 4.07976 4.18044 4.20036 4.20602 4.26049 4.37561 4.46216 4.51267 4.65003 4.76894 4.77588 4.77199 4.80027 4.90963 5.02637 5.10073 5.26408 5.40663 5.42769 5.45421 5.56941 5.66875 5.67815 5.69977 5.7967 5.86641 5.85875 5.87302 5.95276 5.99777 5.96967 5.97466 6.04077 6.05211 6.0005 6.00324 6.05416 6.01112 5.89929 5.84117 5.76413 5.7376 5.77789 5.81604 5.8828 5.85741 5.76653 5.75247 5.77451 5.70615 5.60058 5.5825 5.58593 5.49866 5.3898 5.36459 5.3421 5.22209 5.09375 5.06238 5.03349 4.90057 4.76467 4.73111 4.68865 4.54307 4.40727 4.36822 4.30357 4.13202 3.98215 3.93808 3.86612 3.68323 3.52738 3.4807 3.39364 3.1851 3.00927 2.93307 2.7879 2.6069 2.51723 2.48559 2.3938 2.19325 2.03852 1.98355 1.86192 1.63699 1.47794 1.41952 1.27429 1.00243 0.828305 0.785133 ;
0.562843 0.594204 0.704667 0.889559 1.00337 1.04871 1.14238 1.29419 1.39639 1.43785 1.52157 1.65498 1.74113 1.77132 1.83209 1.96323 2.07395 2.12119 2.20905 2.3474 2.43585 2.46955 2.53835 2.67618 2.78599 2.83199 2.9116 3.04814 3.14995 3.189 3.25489 3.37219 3.45427 3.48075 3.53996 3.66908 3.776 3.82463 3.90462 4.04083 4.14188 4.17375 4.22759 4.33849 4.41908 4.44098 4.48109 4.5969 4.70546 4.75068 4.82401 4.93493 5.00677 5.01758 5.0301 5.14756 5.2871 5.35186 5.44225 5.58671 5.68899 5.72131 5.76634 5.86802 5.95572 5.98219 6.00219 6.07202 6.14317 6.16068 6.16444 6.21221 6.26889 6.27442 6.25804 6.26845 6.29826 6.30136 6.262 6.21784 6.19649 6.15582 6.05837 6.03113 6.09511 6.11476 6.09109 6.06841 6.06139 6.04379 5.98103 5.91162 5.88487 5.86304 5.78695 5.69514 5.65967 5.63036 5.53159 5.41408 5.35561 5.31795 5.21515 5.08089 5.01078 4.97028 4.85822 4.70711 4.62909 4.58317 4.45277 4.28157 4.186 4.13298 4.00093 3.81681 3.71073 3.65528 3.51425 3.30382 3.17464 3.10235 2.93307 2.73581 2.64629 2.60001 2.46707 2.26561 2.13946 2.07427 1.92022 1.69189 1.55081 1.48327 1.31276 1.03711 0.872883 0.826083 ;
0.573275 0.604984 0.71662 0.90415 1.021 1.06826 1.16025 1.31374 1.42045 1.46282 1.54442 1.68132 1.77508 1.80906 1.87684 2.01173 2.12119 2.16793 2.25093 2.39274 2.4912 2.52794 2.59724 2.73548 2.84746 2.89338 2.96502 3.09924 3.20633 3.24513 3.30441 3.42089 3.50821 3.5319 3.57601 3.70702 3.83258 3.88664 3.96381 4.10421 4.21646 4.25252 4.30179 4.41988 4.51692 4.54374 4.58279 4.69871 4.80931 4.85157 4.90934 5.01993 5.10757 5.12534 5.15097 5.27461 5.40681 5.46306 5.53361 5.67376 5.79127 5.82594 5.85791 5.96095 6.06495 6.09333 6.10191 6.17454 6.26166 6.2795 6.26768 6.31284 6.38304 6.38889 6.35736 6.37109 6.41804 6.42025 6.36542 6.32605 6.32919 6.30182 6.21781 6.1871 6.23487 6.24276 6.19748 6.17352 6.18172 6.1621 6.08384 6.01296 5.99863 5.97458 5.88233 5.78735 5.76267 5.73131 5.61992 5.5034 5.45682 5.41756 5.30131 5.16612 5.10618 5.06416 4.93806 4.78295 4.7129 4.66519 4.52416 4.35206 4.26484 4.21062 4.068 3.8823 3.78328 3.72698 3.5751 3.3628 3.24318 3.17464 3.00927 2.80605 2.70474 2.65177 2.50757 2.30207 2.17876 2.11218 1.95083 1.71754 1.57777 1.50755 1.33238 1.05279 0.886907 0.839706 ;
0.58863 0.621201 0.750556 0.952432 1.06161 1.10534 1.21989 1.38333 1.47311 1.51156 1.61658 1.76382 1.83911 1.87184 1.97665 2.12614 2.20905 2.25093 2.36642 2.51841 2.59227 2.62795 2.74178 2.88973 2.96098 3.00039 3.11331 3.25596 3.324 3.35912 3.46405 3.58257 3.62196 3.63423 3.69814 3.83854 3.94918 4.00684 4.14598 4.3059 4.3704 4.40472 4.5181 4.64957 4.6954 4.72309 4.83596 4.95833 4.99788 5.03081 5.14769 5.2689 5.30087 5.32163 5.43292 5.56456 5.61334 5.65859 5.80208 5.94431 5.98569 6.01761 6.1367 6.25004 6.27351 6.30081 6.40026 6.47876 6.47823 6.49406 6.57408 6.62111 6.59956 6.60352 6.6616 6.67398 6.62812 6.62991 6.67662 6.64961 6.56625 6.55012 6.58029 6.55091 6.48681 6.48508 6.51835 6.47631 6.38848 6.37271 6.38946 6.31321 6.20069 6.17692 6.16908 6.06952 5.95641 5.92698 5.89251 5.76148 5.62927 5.59525 5.55959 5.41472 5.26956 5.2303 5.17508 5.01264 4.86849 4.82483 4.74522 4.55742 4.40077 4.35341 4.27252 4.07357 3.90734 3.85543 3.75406 3.53411 3.3628 3.30382 3.1851 2.96085 2.79913 2.74767 2.63511 2.41098 2.24569 2.18554 2.04953 1.8016 1.62957 1.56454 1.40139 1.10159 0.909915 0.861702 ;
0.624265 0.65822 0.796186 1.01067 1.12552 1.17128 1.29434 1.46822 1.56065 1.60038 1.7112 1.86323 1.94052 1.97596 2.09447 2.2602 2.3474 2.39274 2.51841 2.67838 2.75249 2.78971 2.91568 3.06979 3.13617 3.17644 3.3037 3.45815 3.52458 3.56176 3.67802 3.80133 3.83601 3.84959 3.92473 4.07025 4.1763 4.23464 4.39185 4.56966 4.63302 4.66851 4.79811 4.93799 4.97802 5.00683 5.13665 5.26236 5.28976 5.32373 5.45628 5.59085 5.61988 5.64108 5.76572 5.89934 5.93768 5.97964 6.13217 6.27801 6.31323 6.35105 6.49442 6.62562 6.64443 6.66956 6.78486 6.86969 6.85998 6.87666 6.97153 7.02046 6.98754 6.99709 7.06429 7.06375 6.9959 6.98965 7.05183 7.03924 6.9559 6.95061 7.01018 6.9899 6.90596 6.89927 6.92804 6.85297 6.73746 6.71981 6.7444 6.6653 6.54195 6.52094 6.52822 6.43333 6.30803 6.27715 6.24365 6.08984 5.93402 5.89687 5.86508 5.71357 5.55671 5.51873 5.47298 5.30977 5.15357 5.10702 5.02594 4.81596 4.63768 4.58696 4.50623 4.29942 4.12225 4.06949 3.97374 3.75406 3.5751 3.51425 3.39364 3.14631 2.96051 2.90226 2.78261 2.54351 2.36759 2.30771 2.16828 1.90797 1.72467 1.65517 1.48423 1.16729 0.9636 0.913403 ;
0.655033 0.691079 0.819697 1.03517 1.16729 1.22041 1.3274 1.50143 1.61856 1.66379 1.75297 1.90107 2.00499 2.04863 2.14345 2.3132 2.43585 2.4912 2.59227 2.75249 2.86253 2.90414 2.98858 3.13918 3.25052 3.3003 3.39249 3.55113 3.6642 3.70818 3.78315 3.9097 3.99888 4.02519 4.07985 4.22105 4.35091 4.411 4.51534 4.69287 4.81536 4.858 4.93204 5.06874 5.17058 5.20284 5.25991 5.38073 5.48308 5.52765 5.60085 5.73768 5.83236 5.85288 5.89915 6.02985 6.15252 6.2003 6.26961 6.41521 6.54022 6.59051 6.65577 6.79759 6.9144 6.94283 6.96991 7.05814 7.14535 7.16592 7.16568 7.21199 7.27418 7.28769 7.25269 7.24187 7.26682 7.25195 7.20577 7.19713 7.22693 7.22926 7.19347 7.17907 7.1938 7.18528 7.11122 7.02225 6.99336 6.96511 6.87806 6.80067 6.78612 6.7675 6.68563 6.59877 6.56342 6.52664 6.4018 6.24065 6.16293 6.11231 5.98335 5.8351 5.77065 5.7312 5.60573 5.44672 5.36245 5.30707 5.14951 4.93165 4.81267 4.74689 4.58946 4.38799 4.28177 4.22383 4.06949 3.85543 3.72698 3.65528 3.4807 3.22826 3.07882 3.00447 2.83561 2.59882 2.46054 2.39282 2.21518 1.95463 1.79426 1.71309 1.51734 1.19971 1.01009 0.956722 ;
0.666218 0.703087 0.832313 1.04986 1.18575 1.24092 1.347 1.52139 1.6411 1.68648 1.76747 1.91147 2.021 2.06755 2.15914 2.33412 2.46955 2.52794 2.62795 2.78971 2.90414 2.9466 3.01644 3.16473 3.28989 3.34402 3.43674 3.60017 3.72216 3.76863 3.83909 3.96779 4.06526 4.09402 4.13899 4.27563 4.41372 4.47859 4.58006 4.75993 4.89277 4.93669 5.00321 5.13668 5.24402 5.27626 5.30844 5.42491 5.55065 5.60145 5.6716 5.80969 5.91097 5.92705 5.94778 6.0759 6.21994 6.26848 6.31464 6.46177 6.6161 6.67697 6.74074 6.89146 7.02458 7.05436 7.06882 7.16086 7.26479 7.28597 7.27007 7.31378 7.38963 7.40134 7.35113 7.33469 7.3643 7.34063 7.25995 7.25129 7.31603 7.32821 7.28833 7.27863 7.30628 7.29561 7.2069 7.11327 7.08716 7.04881 6.92672 6.85008 6.86979 6.85681 6.76862 6.68582 6.66304 6.62501 6.48624 6.31986 6.2438 6.18272 6.02414 5.87966 5.84552 5.80935 5.67763 5.5204 5.44434 5.38697 5.21617 4.99194 4.87251 4.79754 4.61811 4.42134 4.33881 4.28177 4.12225 3.90734 3.78328 3.71073 3.52738 3.26932 3.11641 3.03357 2.85193 2.61958 2.494 2.42509 2.24323 1.98064 1.8206 1.73754 1.53663 1.21535 1.02446 0.969877 ;
0.68098 0.718612 0.868526 1.10104 1.22627 1.27723 1.40884 1.59362 1.69076 1.72713 1.81304 1.95623 2.05831 2.10613 2.21985 2.41104 2.53835 2.59724 2.74178 2.91568 2.98858 3.01644 3.09324 3.2434 3.3625 3.42769 3.58517 3.76486 3.8369 3.87832 4.00526 4.14178 4.18098 4.19381 4.25455 4.39311 4.51665 4.59479 4.77457 4.97049 5.04114 5.08179 5.22534 5.36358 5.38782 5.39747 5.4402 5.55905 5.67668 5.74856 5.9163 6.06291 6.07678 6.07523 6.12792 6.25631 6.3555 6.39046 6.45661 6.61139 6.75414 6.84143 7.02862 7.19683 7.22811 7.25482 7.37405 7.46819 7.46365 7.48248 7.5787 7.62801 7.59689 7.60674 7.67105 7.64496 7.53914 7.48353 7.41694 7.40623 7.4562 7.50391 7.6023 7.60264 7.51489 7.50418 7.5273 7.41811 7.2549 7.18399 7.07387 6.99509 7.00156 7.02167 7.05522 6.97371 6.84345 6.80892 6.76808 6.58174 6.38328 6.29539 6.14858 6.00237 5.95545 5.94863 5.91814 5.75651 5.58978 5.53769 5.44437 5.19796 4.97855 4.8839 4.7142 4.51507 4.42134 4.38799 4.29942 4.07357 3.8823 3.81681 3.68323 3.40159 3.1784 3.08401 2.90944 2.6764 2.54401 2.48885 2.34249 2.06493 1.86704 1.79083 1.60565 1.26303 1.0427 0.987319 ;
0.715548 0.754481 0.913663 1.15896 1.289 1.34146 1.48199 1.67521 1.77292 1.80892 1.89968 2.05629 2.16826 2.22117 2.34802 2.54937 2.67618 2.73548 2.88973 3.06979 3.13918 3.16473 3.2434 3.40355 3.53133 3.59969 3.76998 3.95909 4.02723 4.06851 4.20755 4.35168 4.38622 4.3959 4.4621 4.61263 4.74197 4.82339 5.01791 5.22273 5.28899 5.33228 5.4919 5.63513 5.64924 5.65353 5.69797 5.82986 5.95978 6.03907 6.22806 6.3865 6.3943 6.39685 6.46775 6.59672 6.67564 6.69979 6.76256 6.92505 7.07939 7.17438 7.38484 7.56281 7.58312 7.6123 7.74799 7.84593 7.82876 7.84854 7.96149 8.0127 7.96812 7.97705 8.0571 8.02489 7.89639 7.83513 7.75939 7.74638 7.80538 7.86475 7.98507 7.98927 7.88627 7.87339 7.90692 7.78853 7.60198 7.52065 7.3981 7.31106 7.32133 7.35067 7.40025 7.31728 7.17105 7.13563 7.10129 6.90171 6.68158 6.58617 6.42558 6.26673 6.22124 6.2208 6.20141 6.03611 5.85489 5.80133 5.71152 5.45197 5.21329 5.11178 4.92866 4.7142 4.61811 4.58946 4.50623 4.27252 4.068 4.00093 3.86612 3.56995 3.33077 3.23037 3.04201 2.79152 2.65297 2.59742 2.45067 2.16274 1.953 1.87452 1.68287 1.32405 1.09137 1.03361 ;
0.746281 0.7863 0.933783 1.17915 1.32801 1.3882 1.51068 1.70427 1.83043 1.87667 1.96825 2.14038 2.27359 2.33168 2.44627 2.64405 2.78599 2.84746 2.96098 3.13617 3.25052 3.28989 3.3625 3.53133 3.67868 3.74014 3.85283 4.03633 4.1577 4.2059 4.29461 4.44013 4.53894 4.56591 4.62303 4.78299 4.93437 5.00559 5.1283 5.32682 5.46088 5.51214 5.60193 5.74604 5.84538 5.87114 5.90418 6.04749 6.20377 6.27118 6.37243 6.53535 6.64004 6.66542 6.71013 6.83873 6.95642 6.98596 7.02158 7.18644 7.36906 7.4457 7.54259 7.71424 7.84119 7.87573 7.90796 8.00682 8.10375 8.12679 8.1271 8.17671 8.24208 8.25293 8.21941 8.19149 8.19073 8.1565 8.05234 8.03816 8.12735 8.16064 8.14808 8.14751 8.16028 8.14362 8.05779 7.94621 7.88908 7.82952 7.67611 7.58248 7.61413 7.61559 7.54257 7.45612 7.41538 7.37379 7.23356 7.0402 6.93326 6.85612 6.66309 6.49362 6.46543 6.43883 6.31534 6.14851 6.05366 5.991 5.81491 5.56231 5.41367 5.32402 5.11178 4.8839 4.79754 4.74689 4.58696 4.35341 4.21062 4.13298 3.93808 3.64795 3.46767 3.37094 3.15645 2.88774 2.74847 2.67626 2.48699 2.19997 2.01795 1.92771 1.70886 1.35088 1.13478 1.07519 ;
0.755013 0.796444 0.943455 1.19161 1.34494 1.40656 1.5279 1.72377 1.85721 1.9083 2.0088 2.18807 2.32161 2.38026 2.49308 2.68938 2.83199 2.89338 3.00039 3.17644 3.3003 3.34402 3.42769 3.59969 3.74014 3.79793 3.89955 4.08314 4.2134 4.26151 4.3423 4.48683 4.59786 4.63422 4.70725 4.87252 5.01423 5.07776 5.18649 5.38468 5.52995 5.58426 5.66407 5.80969 5.92695 5.96293 6.01657 6.16702 6.31204 6.37405 6.45857 6.62322 6.74787 6.7803 6.82816 6.95901 7.08092 7.11588 7.16704 7.33542 7.50221 7.56458 7.63674 7.80303 7.94477 7.98003 7.99643 8.08887 8.19767 8.22052 8.20941 8.26723 8.34967 8.36135 8.31325 8.29112 8.31684 8.2981 8.21601 8.19843 8.26355 8.28126 8.2447 8.24269 8.27086 8.25256 8.1494 8.04216 8.00965 7.96184 7.82944 7.73324 7.73925 7.72522 7.62832 7.5394 7.51254 7.46911 7.31409 7.12307 7.03709 6.97043 6.79481 6.62084 6.56896 6.52979 6.38633 6.21643 6.13186 6.06787 5.87914 5.62754 5.49547 5.41367 5.21329 4.97855 4.87251 4.81267 4.63768 4.40077 4.26484 4.186 3.98215 3.69202 3.5219 3.42944 3.22004 2.94367 2.79019 2.71187 2.51329 2.22268 2.04183 1.94951 1.72528 1.36293 1.14703 1.08621 ;
0.768826 0.81075 0.979411 1.24295 1.3851 1.44256 1.59148 1.80144 1.91454 1.96385 2.10315 2.29743 2.40034 2.45075 2.60194 2.80629 2.9116 2.96502 3.11331 3.3037 3.39249 3.43674 3.58517 3.76998 3.85283 3.89955 4.04783 4.2339 4.31435 4.35635 4.49406 4.65193 4.71244 4.75296 4.9015 5.07857 5.15059 5.19946 5.37197 5.57738 5.65996 5.71042 5.867 6.03453 6.09052 6.13101 6.29121 6.45638 6.50211 6.54893 6.71478 6.88569 6.93235 6.96665 7.11864 7.26749 7.29811 7.33462 7.5027 7.67579 7.72169 7.76788 7.93959 8.10139 8.13126 8.16297 8.29484 8.39263 8.38792 8.4075 8.51337 8.57328 8.5367 8.54581 8.61857 8.60827 8.52447 8.51936 8.58699 8.57159 8.49069 8.49581 8.57009 8.55505 8.46066 8.44306 8.45732 8.35519 8.21136 8.17875 8.18653 8.08278 7.9443 7.91985 7.92405 7.81744 7.6772 7.6383 7.58787 7.39629 7.21022 7.16025 7.10412 6.91609 6.73728 6.6925 6.63333 6.44314 6.2634 6.206 6.09999 5.84148 5.62754 5.56231 5.45197 5.19796 4.99194 4.93165 4.81596 4.55742 4.35206 4.28157 4.13202 3.82964 3.60302 3.52519 3.36774 3.07062 2.8552 2.77993 2.61244 2.30234 2.08256 1.99785 1.7917 1.40855 1.16287 1.10227 ;
0.806853 0.850814 1.0283 1.30452 1.45196 1.51008 1.66812 1.89184 2.01064 2.06308 2.21563 2.42391 2.52923 2.58005 2.7395 2.94789 3.04814 3.09924 3.25596 3.45815 3.55113 3.60017 3.76486 3.95909 4.03633 4.08314 4.2339 4.41191 4.48338 4.52196 4.66953 4.84553 4.91406 4.96508 5.13481 5.31913 5.37887 5.41994 5.5934 5.79752 5.8804 5.93672 6.11598 6.31288 6.37592 6.4201 6.60291 6.77921 6.81333 6.85382 7.02722 7.20097 7.24525 7.28785 7.46891 7.63986 7.66616 7.7075 7.89553 8.06825 8.09579 8.13742 8.31431 8.46409 8.47939 8.5168 8.66297 8.76525 8.75057 8.77039 8.88812 8.94728 8.8989 8.90264 8.99365 9.00114 8.9149 8.91682 9.00628 8.98904 8.88412 8.88387 8.95682 8.91996 8.80668 8.7876 8.81649 8.72884 8.5838 8.55786 8.58389 8.47317 8.30873 8.27831 8.27995 8.14776 7.98653 7.94754 7.90875 7.72667 7.53521 7.48869 7.44642 7.24727 7.04256 6.99133 6.92739 6.71197 6.51267 6.45478 6.3555 6.09999 5.87914 5.81491 5.71152 5.44437 5.21617 5.14951 5.02594 4.74522 4.52416 4.45277 4.30357 3.99651 3.76262 3.68365 3.52501 3.21255 2.98004 2.89926 2.72362 2.3956 2.16375 2.07806 1.86459 1.46589 1.20984 1.1465 ;
0.839283 0.886407 1.05126 1.32662 1.49576 1.56177 1.70108 1.92658 2.07635 2.13815 2.26564 2.47509 2.61744 2.67825 2.80476 3.01024 3.14995 3.20633 3.324 3.52458 3.6642 3.72216 3.8369 4.02723 4.1577 4.2134 4.31435 4.48338 4.60539 4.64622 4.73582 4.91454 5.05091 5.11506 5.23103 5.41303 5.53304 5.57714 5.67929 5.87814 6.03854 6.107 6.22151 6.42572 6.56928 6.62094 6.72138 6.89926 7.02793 7.07652 7.16586 7.33857 7.47731 7.53063 7.6223 7.79613 7.92336 7.97128 8.05682 8.22819 8.36728 8.41511 8.48238 8.62417 8.74973 8.79364 8.81731 8.91449 9.01655 9.03984 9.04007 9.10223 9.18342 9.18724 9.16186 9.17584 9.21255 9.21406 9.16825 9.1449 9.16504 9.16404 9.10851 9.06574 9.07643 9.05487 8.96114 8.88075 8.86026 8.83074 8.72988 8.61877 8.57455 8.53929 8.42294 8.28483 8.23321 8.18844 8.03776 7.8624 7.77713 7.72156 7.56919 7.37189 7.2695 7.20873 7.04281 6.82345 6.71315 6.64648 6.45478 6.206 6.06787 5.991 5.80133 5.53769 5.38697 5.30707 5.10702 4.82483 4.66519 4.58317 4.36822 4.06618 3.88562 3.79185 3.57738 3.26706 3.07783 2.98343 2.76277 2.43284 2.22797 2.13084 1.886 1.48966 1.25245 1.18469 ;
0.848182 0.896215 1.06206 1.33962 1.51238 1.58134 1.72143 1.95014 2.10475 2.16761 2.29271 2.5022 2.64923 2.71171 2.83532 3.0435 3.189 3.24513 3.35912 3.56176 3.70818 3.76863 3.87832 4.06851 4.2059 4.26151 4.35635 4.52196 4.64622 4.68578 4.75961 4.93981 5.09556 5.16367 5.27701 5.45878 5.58288 5.62434 5.70744 5.909 6.09093 6.16417 6.27565 6.48432 6.63951 6.69452 6.78744 6.96874 7.10983 7.1594 7.23919 7.41101 7.56175 7.61978 7.70235 7.87534 8.01614 8.06591 8.14118 8.31553 8.46825 8.51778 8.57266 8.71198 8.84735 8.88948 8.90168 9.00096 9.11581 9.13951 9.12758 9.18908 9.28246 9.28657 9.25006 9.26613 9.31579 9.31589 9.25702 9.23495 9.26785 9.26461 9.19521 9.15159 9.17343 9.15093 9.04483 8.96555 8.95729 8.92664 8.81337 8.70208 8.66839 8.63142 8.50197 8.36155 8.31895 8.2734 8.11239 7.93626 7.86021 7.80258 7.63903 7.44189 7.34771 7.28526 7.10801 6.887 6.78322 6.71315 6.51267 6.2634 6.13186 6.05366 5.85489 5.58978 5.44434 5.36245 5.15357 4.86849 4.7129 4.62909 4.40727 4.10369 3.92625 3.83098 3.61011 3.29724 3.1099 3.01438 2.78833 2.45485 2.2502 2.15087 1.90202 1.50258 1.26419 1.19554 ;
0.859351 0.907042 1.09625 1.39134 1.55145 1.61555 1.78388 2.02488 2.15557 2.21276 2.37435 2.59445 2.70782 2.76251 2.92363 3.14386 3.25489 3.30441 3.46405 3.67802 3.78315 3.83909 4.00526 4.20755 4.29461 4.3423 4.49406 4.66953 4.73582 4.75961 4.85272 5.03861 5.17534 5.24767 5.43386 5.62424 5.6754 5.69645 5.80466 6.02594 6.19234 6.27256 6.47322 6.69535 6.77226 6.82234 7.00242 7.18928 7.23892 7.27864 7.45097 7.63837 7.70354 7.76064 7.94809 8.13131 8.1745 8.21975 8.41107 8.59029 8.62033 8.66149 8.8342 8.98455 9.00613 9.04287 9.18564 9.2923 9.28261 9.30346 9.41821 9.47855 9.43759 9.4411 9.52901 9.53965 9.4582 9.45938 9.54459 9.52797 9.42425 9.41929 9.48418 9.44386 9.33312 9.31185 9.32952 9.23577 9.09471 9.06983 9.08918 8.96997 8.80181 8.76755 8.75916 8.61599 8.45063 8.40975 8.36152 8.16803 7.97275 7.92323 7.87456 7.66625 7.45445 7.39774 7.32266 7.09432 6.887 6.82345 6.71197 6.44314 6.21643 6.14851 6.03611 5.75651 5.5204 5.44672 5.30977 5.01264 4.78295 4.70711 4.54307 4.21864 3.97633 3.89313 3.72361 3.3942 3.15231 3.06711 2.87868 2.53042 2.28644 2.19512 1.96645 1.54549 1.27653 1.20889 ;
0.893161 0.941375 1.1392 1.44659 1.61135 1.67854 1.85477 2.10462 2.23814 2.29587 2.4627 2.68798 2.80332 2.8603 3.03162 3.26144 3.37219 3.42089 3.58257 3.80133 3.9097 3.96779 4.14178 4.35168 4.44013 4.48683 4.65193 4.84553 4.91454 4.93981 5.03861 5.22313 5.3533 5.42353 5.61558 5.8097 5.85863 5.88153 6.00702 6.24825 6.41769 6.49996 6.70927 6.92857 6.99763 7.04883 7.23045 7.41073 7.45231 7.49002 7.67268 7.88226 7.96076 8.02764 8.23255 8.41913 8.45311 8.493 8.6878 8.86754 8.89199 8.93821 9.13209 9.30324 9.32218 9.35306 9.5081 9.61637 9.59789 9.61949 9.74472 9.80518 9.75425 9.76613 9.85895 9.85077 9.74795 9.74157 9.83085 9.81539 9.70873 9.70668 9.79107 9.76722 9.64977 9.62862 9.64524 9.52474 9.36023 9.33175 9.35238 9.22827 9.05484 9.02445 9.03164 8.89958 8.72674 8.68372 8.63349 8.41411 8.19564 8.14305 8.09478 7.88162 7.66427 7.61087 7.5466 7.32266 7.10801 7.04281 6.92739 6.63333 6.38633 6.31534 6.20141 5.91814 5.67763 5.60573 5.47298 5.17508 4.93806 4.85822 4.68865 4.34211 4.08358 3.99887 3.826 3.49109 3.24547 3.16143 2.97074 2.61373 2.36091 2.26448 2.03013 1.59563 1.31709 1.24887 ;
0.925813 0.975926 1.1594 1.46405 1.64956 1.72678 1.8818 2.12944 2.29629 2.36203 2.48995 2.70767 2.86573 2.93617 3.07565 3.30418 3.45427 3.50821 3.62196 3.83601 3.99888 4.06526 4.18098 4.38622 4.53894 4.59786 4.71244 4.91406 5.05091 5.09556 5.17534 5.3533 5.50815 5.57208 5.68541 5.87426 6.00624 6.05541 6.16301 6.40575 6.60432 6.68328 6.80402 7.00662 7.15899 7.214 7.29167 7.45866 7.59902 7.6469 7.73222 7.94736 8.1402 8.22476 8.33531 8.51734 8.65707 8.69544 8.7556 8.93217 9.09778 9.15981 9.24025 9.4223 9.57004 9.60299 9.6305 9.73836 9.85272 9.87858 9.87004 9.92749 10.0114 10.029 9.98281 9.96001 9.98524 9.96624 9.89132 9.87339 9.92577 9.93261 9.88581 9.87232 9.89076 9.86668 9.74465 9.61377 9.57559 9.53161 9.39718 9.27698 9.25647 9.23053 9.11459 8.99386 8.94543 8.89397 8.71792 8.49043 8.38034 8.309 8.12713 7.92137 7.83452 7.78068 7.61087 7.39774 7.28526 7.20873 6.99133 6.6925 6.52979 6.43883 6.2208 5.94863 5.80935 5.7312 5.51873 5.2303 5.06416 4.97028 4.73111 4.38311 4.17726 4.07299 3.83544 3.51163 3.3249 3.23082 2.99277 2.6408 2.42064 2.30953 2.04559 1.61627 1.35886 1.28728 ;
0.935501 0.987186 1.17157 1.47887 1.66813 1.74678 1.90133 2.1485 2.31768 2.38512 2.50091 2.7127 2.88019 2.95637 3.09762 3.32767 3.48075 3.5319 3.63423 3.84959 4.02519 4.09402 4.19381 4.3959 4.56591 4.63422 4.75296 4.96508 5.11506 5.16367 5.24767 5.42353 5.57208 5.63053 5.71741 5.90325 6.06138 6.1237 6.24416 6.49095 6.68748 6.76491 6.8727 7.06597 7.21899 7.26666 7.3115 7.46858 7.63061 7.68155 7.74892 7.96942 8.19315 8.28725 8.39516 8.57937 8.72355 8.75412 8.77634 8.95003 9.15284 9.22504 9.30792 9.50215 9.66349 9.69844 9.71592 9.82875 9.95692 9.98262 9.96098 10.0138 10.1081 10.1239 10.0639 10.0305 10.0532 10.0206 9.90198 9.88606 9.9827 10.003 9.95673 9.94794 9.97668 9.95163 9.8178 9.68033 9.63928 9.58106 9.40476 9.28784 9.31062 9.29484 9.17919 9.06351 9.02362 8.97005 8.7828 8.54883 8.43389 8.34793 8.13054 7.93001 7.88128 7.83452 7.66427 7.45445 7.34771 7.2695 7.04256 6.73728 6.56896 6.46543 6.22124 5.95545 5.84552 5.77065 5.55671 5.26956 5.10618 5.01078 4.76467 4.41157 4.20008 4.08592 3.83361 3.51641 3.34753 3.25389 3.01393 2.66162 2.44157 2.32899 2.0614 1.6299 1.37107 1.29775 ;
