%% MATLAB script to plot scalar flux in a tiled layout
% Generated by the C++ transport code

clear all; close all; clc;

% Mesh Coordinates
x = [0.0094375 0.0283125 0.0471875 0.0660625 0.0849375 0.103813 0.122687 0.141562 0.3905 0.8695 1.1845 1.3355 1.6505 2.1295 2.4445 2.5955 2.9105 3.3895 3.7045 3.8555 4.1705 4.6495 4.9645 5.1155 5.4305 5.9095 6.2245 6.3755 6.6905 7.1695 7.4845 7.6355 7.9505 8.4295 8.7445 8.8955 9.2105 9.6895 10.0045 10.1555 10.4705 10.9495 11.2645 11.4155 11.7305 12.2095 12.5245 12.6755 12.9905 13.4695 13.7845 13.9355 14.2505 14.7295 15.0445 15.1955 15.5105 15.9895 16.3045 16.4555 16.7705 17.2495 17.5645 17.7155 18.0305 18.5095 18.8245 18.9755 19.2905 19.7695 20.0845 20.2355 20.5505 21.0295 21.3445 21.4955 21.8105 22.2895 22.6045 22.7555 23.0705 23.5495 23.8645 24.0155 24.3305 24.8095 25.1245 25.2755 25.5905 26.0695 26.3845 26.5355 26.8505 27.3295 27.6445 27.7955 28.1105 28.5895 28.9045 29.0555 29.3705 29.8495 30.1645 30.3155 30.6305 31.1095 31.4245 31.5755 31.8905 32.3695 32.6845 32.8355 33.1505 33.6295 33.9445 34.0955 34.4105 34.8895 35.2045 35.3555 35.6705 36.1495 36.4645 36.6155 36.9305 37.4095 37.7245 37.8755 38.1905 38.6695 38.9845 39.1355 39.4505 39.9295 40.2445 40.3955 40.7105 41.1895 41.5045 41.6555 41.9705 42.4495 42.6984 42.7173 42.7362 42.7551 42.7739 42.7928 42.8117 42.8306 ];
y = [0.0094375 0.0283125 0.0471875 0.0660625 0.0849375 0.103813 0.122687 0.141562 0.3905 0.8695 1.1845 1.3355 1.6505 2.1295 2.4445 2.5955 2.9105 3.3895 3.7045 3.8555 4.1705 4.6495 4.9645 5.1155 5.4305 5.9095 6.2245 6.3755 6.6905 7.1695 7.4845 7.6355 7.9505 8.4295 8.7445 8.8955 9.2105 9.6895 10.0045 10.1555 10.4705 10.9495 11.2645 11.4155 11.7305 12.2095 12.5245 12.6755 12.9905 13.4695 13.7845 13.9355 14.2505 14.7295 15.0445 15.1955 15.5105 15.9895 16.3045 16.4555 16.7705 17.2495 17.5645 17.7155 18.0305 18.5095 18.8245 18.9755 19.2905 19.7695 20.0845 20.2355 20.5505 21.0295 21.3445 21.4955 21.8105 22.2895 22.6045 22.7555 23.0705 23.5495 23.8645 24.0155 24.3305 24.8095 25.1245 25.2755 25.5905 26.0695 26.3845 26.5355 26.8505 27.3295 27.6445 27.7955 28.1105 28.5895 28.9045 29.0555 29.3705 29.8495 30.1645 30.3155 30.6305 31.1095 31.4245 31.5755 31.8905 32.3695 32.6845 32.8355 33.1505 33.6295 33.9445 34.0955 34.4105 34.8895 35.2045 35.3555 35.6705 36.1495 36.4645 36.6155 36.9305 37.4095 37.7245 37.8755 38.1905 38.6695 38.9845 39.1355 39.4505 39.9295 40.2445 40.3955 40.7105 41.1895 41.5045 41.6555 41.9705 42.4495 42.6984 42.7173 42.7362 42.7551 42.7739 42.7928 42.8117 42.8306 ];

[X, Y] = meshgrid(x, y);

figure('Name', 'Scalar Flux Distribution', 'NumberTitle', 'off');
t = tiledlayout(1, 2, 'TileSpacing', 'compact');

% --- Data and Plot for Group 1 ---
flux_g1 = [
0.141513 0.142497 0.1428 0.143486 0.143665 0.144189 0.144729 0.145794 0.164822 0.203153 0.22911 0.23789 0.255698 0.291353 0.317954 0.326507 0.340497 0.372926 0.399784 0.408739 0.423896 0.455599 0.482696 0.491553 0.502764 0.533674 0.562593 0.573163 0.583788 0.614933 0.644807 0.651052 0.660792 0.695921 0.728234 0.736372 0.743 0.773906 0.806894 0.81536 0.82411 0.856173 0.888309 0.895628 0.901892 0.935731 0.971166 0.980932 0.984518 1.01204 1.04631 1.05652 1.06448 1.09858 1.13374 1.13812 1.14046 1.17569 1.21318 1.22039 1.22243 1.25455 1.29043 1.29571 1.29614 1.32618 1.36476 1.37189 1.36642 1.38923 1.42219 1.42808 1.42209 1.44361 1.47679 1.48096 1.46972 1.48267 1.51027 1.51259 1.49885 1.50921 1.53675 1.53975 1.51883 1.52033 1.54283 1.54236 1.52109 1.51637 1.53185 1.53 1.50555 1.49593 1.50986 1.50811 1.47743 1.46126 1.47002 1.46265 1.43 1.40833 1.41135 1.40461 1.37131 1.34206 1.34133 1.33605 1.29841 1.26508 1.26114 1.25081 1.2102 1.1723 1.164 1.15373 1.11249 1.06953 1.05812 1.04953 1.00501 0.958794 0.94594 0.932585 0.887967 0.837107 0.818198 0.805514 0.762752 0.710443 0.686739 0.674046 0.628353 0.573145 0.5492 0.534009 0.48942 0.430253 0.401419 0.386674 0.342256 0.277057 0.244841 0.242962 0.241231 0.240447 0.239548 0.238453 0.238026 0.235883 ;
0.142497 0.143869 0.144793 0.145176 0.14603 0.146363 0.146954 0.147518 0.167095 0.206024 0.232009 0.241428 0.259155 0.295451 0.322488 0.331378 0.345636 0.378205 0.405456 0.414544 0.43002 0.462124 0.489578 0.49902 0.510045 0.54124 0.570796 0.581719 0.592205 0.623249 0.653971 0.660836 0.670467 0.705964 0.738755 0.747176 0.753676 0.784724 0.818673 0.827756 0.836057 0.868244 0.901071 0.909094 0.914899 0.948924 0.985273 0.995193 0.998873 1.0265 1.06166 1.07217 1.07937 1.11421 1.1503 1.15541 1.15698 1.19239 1.23133 1.23855 1.24044 1.27232 1.30893 1.31456 1.31477 1.34551 1.38474 1.3925 1.38614 1.40934 1.44373 1.44936 1.44293 1.46428 1.49844 1.50261 1.49083 1.50429 1.53238 1.5353 1.52079 1.53132 1.55996 1.56257 1.54097 1.54209 1.56552 1.56525 1.54316 1.53875 1.55493 1.55336 1.52728 1.51777 1.53325 1.53086 1.49893 1.48212 1.49207 1.48458 1.45093 1.4291 1.43211 1.4254 1.39107 1.36181 1.36201 1.35619 1.31692 1.28338 1.28067 1.26996 1.22779 1.18929 1.18136 1.17057 1.12879 1.0854 1.07409 1.06484 1.01904 0.972927 0.960263 0.946776 0.900883 0.849202 0.830637 0.817316 0.773868 0.720896 0.697088 0.683874 0.637057 0.581724 0.557519 0.54193 0.496484 0.436307 0.407411 0.39158 0.346996 0.280759 0.247745 0.245834 0.244839 0.243793 0.242656 0.242113 0.239918 0.238026 ;
0.1428 0.144793 0.146037 0.146986 0.147489 0.148461 0.148849 0.149448 0.169239 0.208977 0.234945 0.244882 0.26266 0.299447 0.32716 0.335934 0.350808 0.383531 0.411145 0.420129 0.436045 0.468704 0.496293 0.506181 0.517367 0.548772 0.578881 0.589971 0.600754 0.631564 0.66263 0.670273 0.680188 0.715982 0.749105 0.757716 0.764441 0.795527 0.829985 0.83967 0.848077 0.880419 0.913513 0.921992 0.927931 0.962074 0.999178 1.00915 1.01324 1.04101 1.07656 1.08723 1.09426 1.12985 1.16669 1.17233 1.17354 1.20895 1.24895 1.25632 1.25862 1.29014 1.32684 1.33272 1.33329 1.36505 1.40447 1.41263 1.40577 1.42924 1.46489 1.47046 1.46412 1.48488 1.5191 1.52333 1.51185 1.5262 1.55425 1.55765 1.54262 1.5532 1.58271 1.5852 1.56344 1.56373 1.58729 1.58745 1.56525 1.56132 1.57767 1.57613 1.54885 1.53959 1.5562 1.55339 1.52056 1.50297 1.51336 1.50577 1.47195 1.4499 1.45241 1.44576 1.41081 1.38163 1.38195 1.37564 1.33555 1.30186 1.2995 1.28844 1.24539 1.20634 1.19819 1.18703 1.14515 1.10127 1.08953 1.07947 1.03312 0.987228 0.974343 0.960781 0.913613 0.861362 0.842807 0.828897 0.785022 0.731286 0.707046 0.693342 0.645801 0.590455 0.565497 0.550027 0.503394 0.442407 0.413189 0.396572 0.351809 0.284269 0.250284 0.249087 0.247851 0.246667 0.246182 0.243909 0.242113 0.238453 ;
0.143486 0.145176 0.146986 0.148208 0.14925 0.14986 0.150861 0.151224 0.171233 0.211931 0.238109 0.248181 0.26627 0.303317 0.331891 0.340389 0.355942 0.388919 0.416726 0.42586 0.441922 0.475293 0.502928 0.513203 0.524676 0.556288 0.58676 0.598157 0.609322 0.639978 0.670867 0.679491 0.689841 0.725966 0.759311 0.768163 0.775285 0.806314 0.840786 0.851221 0.860136 0.892713 0.925697 0.9345 0.94088 0.975241 1.01278 1.02308 1.0276 1.05545 1.09096 1.10203 1.10921 1.14549 1.1828 1.18904 1.19009 1.22544 1.26611 1.27386 1.27686 1.30793 1.34437 1.35073 1.35164 1.38464 1.42414 1.43255 1.42528 1.44893 1.48569 1.49165 1.48557 1.50528 1.53916 1.5437 1.53269 1.54819 1.57638 1.57994 1.56426 1.57479 1.60523 1.60788 1.58607 1.58529 1.60868 1.6091 1.58719 1.58404 1.60014 1.59831 1.57037 1.56135 1.57872 1.57564 1.54229 1.5239 1.5342 1.52644 1.49283 1.47068 1.47265 1.46577 1.43064 1.40128 1.40122 1.3946 1.35436 1.32053 1.3178 1.30623 1.26287 1.2235 1.21478 1.20335 1.1615 1.11698 1.10478 1.0936 1.04734 1.00162 0.988366 0.974357 0.926182 0.873607 0.854823 0.84024 0.796206 0.741503 0.716938 0.702343 0.654684 0.599235 0.573453 0.558029 0.510149 0.448584 0.418855 0.401759 0.356603 0.287558 0.253446 0.252061 0.250785 0.250347 0.248109 0.246182 0.242656 0.239548 ;
0.143665 0.14603 0.147489 0.14925 0.150521 0.151669 0.152302 0.153276 0.173116 0.214786 0.241519 0.251477 0.269965 0.307122 0.336432 0.345013 0.360969 0.39437 0.422123 0.431876 0.447719 0.48176 0.509662 0.520195 0.531971 0.563734 0.594604 0.606297 0.617878 0.648448 0.679172 0.688514 0.699328 0.735849 0.769637 0.778594 0.786197 0.817003 0.851426 0.862478 0.8722 0.905029 0.937917 0.946844 0.953669 0.98837 1.02639 1.0371 1.04195 1.06964 1.10513 1.1168 1.12428 1.16104 1.19881 1.20542 1.20664 1.24183 1.2832 1.29142 1.29495 1.32567 1.36186 1.36885 1.36995 1.40396 1.44411 1.45239 1.44471 1.46837 1.5065 1.51322 1.50694 1.52558 1.55901 1.56403 1.55336 1.56999 1.59914 1.6024 1.58567 1.5961 1.62776 1.63075 1.60859 1.6069 1.63008 1.63048 1.60892 1.60666 1.62266 1.62029 1.59183 1.58303 1.60083 1.59775 1.56395 1.545 1.55498 1.547 1.51333 1.49133 1.49316 1.48601 1.45052 1.42051 1.42025 1.41348 1.3733 1.33933 1.33577 1.32382 1.27999 1.2408 1.23145 1.22002 1.17761 1.13244 1.11989 1.1078 1.06168 1.01603 1.00219 0.987687 0.9386 0.885941 0.866603 0.851798 0.807243 0.751578 0.726803 0.711111 0.663709 0.608004 0.581482 0.565836 0.516746 0.454896 0.424435 0.407261 0.361191 0.290785 0.256555 0.255111 0.254544 0.252321 0.250347 0.246667 0.243793 0.240447 ;
0.144189 0.146363 0.148461 0.14986 0.151669 0.153052 0.154232 0.154808 0.174982 0.217464 0.245071 0.254852 0.273747 0.310913 0.340774 0.349742 0.365898 0.399829 0.427534 0.437929 0.453566 0.488009 0.516596 0.527123 0.539283 0.571086 0.602485 0.614437 0.626361 0.65701 0.68769 0.697417 0.708618 0.745561 0.780201 0.789289 0.797051 0.827624 0.862088 0.873696 0.884152 0.917331 0.950222 0.959307 0.966274 1.0014 1.04022 1.05156 1.05607 1.08363 1.11919 1.13164 1.13949 1.17649 1.21478 1.22153 1.22305 1.25824 1.30029 1.30925 1.31263 1.34338 1.37956 1.38714 1.38831 1.42287 1.46425 1.47226 1.46404 1.4878 1.52731 1.53508 1.52792 1.5459 1.57907 1.58437 1.57388 1.59155 1.6221 1.62495 1.607 1.61726 1.65016 1.6537 1.63082 1.62871 1.65161 1.65189 1.63047 1.62885 1.64552 1.6424 1.61329 1.60458 1.62267 1.61979 1.58541 1.56634 1.57602 1.56753 1.53344 1.51162 1.51441 1.50696 1.4703 1.43925 1.43941 1.43241 1.39238 1.35809 1.35389 1.34123 1.29679 1.25801 1.24884 1.23712 1.19341 1.14761 1.13493 1.12227 1.07629 1.03024 1.01594 1.00076 0.951007 0.898243 0.878399 0.863598 0.818057 0.76153 0.736629 0.719864 0.672911 0.616652 0.589682 0.573254 0.523301 0.461322 0.43009 0.412722 0.365582 0.294023 0.259524 0.258752 0.256427 0.254544 0.250785 0.247851 0.244839 0.241231 ;
0.144729 0.146954 0.148849 0.150861 0.152302 0.154232 0.155726 0.156867 0.176849 0.220021 0.248464 0.258355 0.277578 0.314806 0.344815 0.354549 0.370703 0.405309 0.432994 0.443871 0.459484 0.494128 0.523512 0.533972 0.546575 0.578461 0.610192 0.622508 0.634754 0.665746 0.696217 0.706289 0.717725 0.755152 0.790766 0.800349 0.807771 0.838267 0.872797 0.885003 0.895935 0.929596 0.962614 0.971847 0.978767 1.01436 1.0543 1.06624 1.06995 1.09745 1.13333 1.14633 1.15486 1.19191 1.23057 1.23731 1.23927 1.27483 1.31739 1.32705 1.32991 1.36107 1.39762 1.40555 1.40676 1.4415 1.48414 1.49177 1.48335 1.50752 1.54785 1.55651 1.54848 1.56632 1.59952 1.60469 1.59438 1.61292 1.64465 1.64699 1.62853 1.63846 1.67192 1.67629 1.65284 1.65072 1.67345 1.67347 1.65188 1.65054 1.66837 1.66473 1.63489 1.626 1.64427 1.64153 1.60668 1.58796 1.59722 1.58826 1.55313 1.53167 1.53616 1.52853 1.48988 1.45772 1.45848 1.45153 1.41152 1.37679 1.37204 1.35857 1.31342 1.27509 1.26664 1.25451 1.20901 1.16248 1.14987 1.13708 1.09121 1.04419 1.02937 1.01374 0.963483 0.910518 0.890105 0.875517 0.828659 0.771425 0.746174 0.728949 0.682258 0.625153 0.597817 0.580237 0.529986 0.467812 0.435634 0.417946 0.369896 0.297248 0.263093 0.260629 0.258752 0.255111 0.252061 0.249087 0.245834 0.242962 ;
0.145794 0.147518 0.149448 0.151224 0.153276 0.154808 0.156867 0.158377 0.178783 0.22248 0.25174 0.261672 0.281462 0.318861 0.348715 0.359082 0.375466 0.41075 0.438667 0.449415 0.465515 0.500208 0.530322 0.540559 0.553821 0.585983 0.617596 0.630156 0.643161 0.674651 0.704696 0.714905 0.72675 0.76474 0.80108 0.811153 0.818502 0.848965 0.883634 0.896118 0.907649 0.94177 0.975117 0.984086 0.991288 1.02741 1.06826 1.08044 1.08376 1.11119 1.14754 1.16075 1.17034 1.20744 1.24592 1.2525 1.25539 1.29167 1.3343 1.34438 1.3469 1.37881 1.41581 1.42386 1.42536 1.46005 1.50325 1.51029 1.50284 1.52772 1.56778 1.5769 1.56869 1.58699 1.61991 1.62488 1.61512 1.63403 1.66637 1.66813 1.65038 1.65996 1.69262 1.69795 1.67474 1.67302 1.69543 1.69503 1.67326 1.67183 1.69074 1.68681 1.65681 1.64739 1.66523 1.6626 1.62798 1.60976 1.61849 1.60887 1.5726 1.55172 1.55765 1.54981 1.50943 1.47621 1.47706 1.47061 1.43072 1.39547 1.38991 1.3756 1.33015 1.2921 1.28406 1.27171 1.22467 1.17714 1.16457 1.15211 1.10637 1.05801 1.04231 1.02633 0.976175 0.922765 0.901541 0.887237 0.839149 0.78133 0.755352 0.738422 0.691701 0.633549 0.605418 0.586979 0.536944 0.474288 0.440668 0.423247 0.374122 0.300539 0.265128 0.263093 0.259524 0.256555 0.253446 0.250284 0.247745 0.244841 ;
0.164822 0.167095 0.169239 0.171233 0.173116 0.174982 0.176849 0.178783 0.209836 0.262911 0.290855 0.302196 0.334325 0.380084 0.405044 0.416096 0.446421 0.488779 0.510822 0.521198 0.553714 0.59563 0.615808 0.626991 0.658657 0.69847 0.717775 0.730094 0.765116 0.805157 0.820859 0.829507 0.864667 0.91037 0.92995 0.940227 0.973797 1.01267 1.02934 1.04175 1.07918 1.12063 1.13474 1.14338 1.18034 1.22386 1.2409 1.2533 1.28857 1.32389 1.33687 1.35052 1.39386 1.43782 1.44833 1.45526 1.494 1.53868 1.55251 1.56206 1.60272 1.64348 1.65251 1.6605 1.69954 1.7399 1.74931 1.75676 1.79022 1.82164 1.8265 1.83505 1.86844 1.89352 1.89302 1.89809 1.92754 1.9479 1.94135 1.94415 1.96773 1.97913 1.97182 1.97667 1.99692 1.99775 1.98049 1.9804 1.99684 1.9926 1.96949 1.96635 1.97728 1.96498 1.93928 1.93633 1.94293 1.92215 1.8883 1.87829 1.87788 1.85065 1.81424 1.80605 1.80022 1.76139 1.72206 1.71557 1.70678 1.66375 1.61898 1.60441 1.58815 1.54024 1.49449 1.48153 1.46193 1.40517 1.35662 1.34522 1.3221 1.2619 1.21126 1.19495 1.16515 1.09994 1.04859 1.03269 1.00057 0.931392 0.878703 0.862019 0.825287 0.753868 0.701353 0.681995 0.640113 0.563299 0.509476 0.49022 0.443147 0.353402 0.300539 0.297248 0.294023 0.290785 0.287558 0.284269 0.280759 0.277057 ;
0.203153 0.206024 0.208977 0.211931 0.214786 0.217464 0.220021 0.22248 0.262911 0.331656 0.366583 0.379983 0.42262 0.481387 0.51095 0.52467 0.566378 0.620703 0.64617 0.658914 0.702897 0.757332 0.779035 0.79151 0.836683 0.888633 0.908177 0.921242 0.970535 1.02321 1.03841 1.04904 1.0988 1.15707 1.17544 1.18673 1.23741 1.28864 1.30199 1.3161 1.37008 1.4233 1.43419 1.4445 1.50048 1.55672 1.56803 1.58186 1.63699 1.68477 1.69197 1.70633 1.76984 1.82669 1.83083 1.83995 1.9004 1.9574 1.96389 1.97569 2.03867 2.09169 2.09362 2.10373 2.16399 2.21665 2.21684 2.22454 2.27994 2.32069 2.31513 2.3261 2.38115 2.41446 2.4025 2.4087 2.45819 2.48455 2.46369 2.4662 2.50931 2.52408 2.49991 2.5053 2.54554 2.54687 2.51247 2.51392 2.5468 2.54118 2.49954 2.49512 2.5223 2.50551 2.45794 2.45421 2.47671 2.44898 2.39321 2.38433 2.39625 2.35993 2.30149 2.29176 2.29603 2.24646 2.1843 2.1743 2.17376 2.11831 2.05091 2.03533 2.02594 1.96405 1.89571 1.88061 1.86445 1.79141 1.72097 1.70544 1.68443 1.60712 1.5336 1.5147 1.4855 1.40222 1.32952 1.31095 1.27553 1.18578 1.11345 1.09173 1.04933 0.957033 0.884699 0.861306 0.811876 0.713725 0.642011 0.618831 0.559835 0.443147 0.374122 0.369896 0.365582 0.361191 0.356603 0.351809 0.346996 0.342256 ;
0.22911 0.232009 0.234945 0.238109 0.241519 0.245071 0.248464 0.25174 0.290855 0.366583 0.414028 0.430664 0.469148 0.533588 0.576263 0.593875 0.629794 0.689771 0.730905 0.747391 0.78254 0.841778 0.881528 0.896482 0.931278 0.988399 1.02698 1.04352 1.07906 1.13598 1.17206 1.18733 1.2228 1.28586 1.32911 1.34383 1.37819 1.43362 1.47046 1.48817 1.52491 1.58278 1.61976 1.63363 1.67076 1.73245 1.77245 1.78914 1.8215 1.87414 1.91123 1.92854 1.96798 2.03072 2.06973 2.08258 2.11766 2.17939 2.22086 2.23732 2.27053 2.32795 2.36708 2.38078 2.41092 2.46947 2.50986 2.51971 2.54311 2.58801 2.62242 2.6361 2.65442 2.69104 2.71858 2.7266 2.74053 2.76964 2.79174 2.79494 2.80113 2.81746 2.83136 2.83778 2.83811 2.83942 2.8446 2.84621 2.83796 2.83296 2.83469 2.82891 2.81385 2.79513 2.78531 2.78031 2.75991 2.72829 2.70929 2.69882 2.66984 2.63087 2.6099 2.59752 2.55995 2.50541 2.47467 2.46083 2.42191 2.36134 2.32371 2.30472 2.25841 2.19098 2.15084 2.13184 2.07606 1.99561 1.95032 1.9289 1.87437 1.79075 1.73939 1.71521 1.65565 1.5645 1.50948 1.48642 1.41962 1.32084 1.26265 1.23444 1.16684 1.06508 1.00246 0.972665 0.901454 0.793471 0.72723 0.698451 0.618831 0.49022 0.423247 0.417946 0.412722 0.407261 0.401759 0.396572 0.39158 0.386674 ;
0.23789 0.241428 0.244882 0.248181 0.251477 0.254852 0.258355 0.261672 0.302196 0.379983 0.430664 0.451125 0.489115 0.555866 0.603702 0.622967 0.657484 0.717911 0.764265 0.783192 0.816179 0.876257 0.921238 0.939026 0.970345 1.02841 1.07389 1.09331 1.12482 1.18212 1.22532 1.24253 1.2744 1.3368 1.38719 1.40596 1.43598 1.49383 1.5402 1.55995 1.59072 1.64947 1.69541 1.7113 1.74156 1.80331 1.85211 1.87003 1.89618 1.9513 1.9994 2.02016 2.05114 2.11472 2.16636 2.18231 2.20768 2.26911 2.3235 2.3429 2.36685 2.42594 2.47968 2.49514 2.5147 2.57541 2.63014 2.64249 2.65229 2.69804 2.74801 2.76155 2.76681 2.80541 2.84943 2.85902 2.85816 2.88634 2.92387 2.92922 2.92095 2.93897 2.96988 2.97625 2.96214 2.96359 2.98401 2.98486 2.95981 2.95339 2.96983 2.96377 2.93298 2.9171 2.92353 2.9165 2.87933 2.84686 2.84192 2.82952 2.78442 2.74176 2.73212 2.71803 2.66688 2.61468 2.59723 2.58137 2.52764 2.46588 2.43935 2.41828 2.35617 2.28346 2.25187 2.22973 2.16213 2.08217 2.04514 2.02086 1.95376 1.86891 1.82523 1.79828 1.72604 1.63075 1.58151 1.55436 1.47814 1.37803 1.32417 1.2934 1.21672 1.11237 1.0518 1.01934 0.939604 0.82666 0.760993 0.72723 0.642011 0.509476 0.440668 0.435634 0.43009 0.424435 0.418855 0.413189 0.407411 0.401419 ;
0.255698 0.259155 0.26266 0.26627 0.269965 0.273747 0.277578 0.281462 0.334325 0.42262 0.469148 0.489115 0.543034 0.617778 0.657282 0.676601 0.730331 0.798636 0.831418 0.849424 0.904068 0.972289 1.00195 1.01775 1.07454 1.1401 1.16512 1.18352 1.24456 1.31035 1.33099 1.34685 1.41068 1.4817 1.50844 1.52826 1.59079 1.65573 1.6756 1.69487 1.76331 1.82986 1.8445 1.85864 1.92631 1.99754 2.01664 2.03244 2.10033 2.16356 2.17392 2.19366 2.27196 2.3417 2.35118 2.36718 2.4444 2.51527 2.5289 2.55077 2.62777 2.69523 2.70387 2.71897 2.79487 2.86283 2.86765 2.8785 2.94411 2.9971 2.99729 3.01112 3.0747 3.11777 3.10738 3.11724 3.17559 3.20859 3.19212 3.19686 3.24564 3.26501 3.23963 3.24666 3.29424 3.29767 3.25724 3.25743 3.29382 3.28684 3.24109 3.23328 3.25894 3.23762 3.18102 3.17522 3.20042 3.1658 3.09762 3.08556 3.09485 3.04793 2.98233 2.96822 2.9637 2.90203 2.82773 2.8134 2.81156 2.74187 2.65684 2.63577 2.61827 2.53745 2.45599 2.43409 2.40379 2.31123 2.22439 2.20156 2.17276 2.07552 1.98309 1.95641 1.9163 1.81015 1.72044 1.69486 1.64423 1.53057 1.43962 1.41022 1.35462 1.23615 1.14361 1.11142 1.04523 0.918336 0.82666 0.793471 0.713725 0.563299 0.474288 0.467812 0.461322 0.454896 0.448584 0.442407 0.436307 0.430253 ;
0.291353 0.295451 0.299447 0.303317 0.307122 0.310913 0.314806 0.318861 0.380084 0.481387 0.533588 0.555866 0.617778 0.703153 0.746375 0.766816 0.830039 0.90898 0.94434 0.963409 1.0267 1.10443 1.13597 1.15232 1.21779 1.29307 1.31707 1.33389 1.40425 1.47889 1.50044 1.51785 1.59535 1.68079 1.70932 1.73182 1.8056 1.87858 1.89539 1.91213 1.99102 2.06545 2.0786 2.09738 2.18151 2.26739 2.28644 2.30141 2.38096 2.45195 2.45678 2.47446 2.56503 2.64176 2.64742 2.66958 2.76921 2.85684 2.86904 2.89312 2.98757 3.06701 3.07208 3.08872 3.18331 3.26058 3.25861 3.27352 3.35786 3.42323 3.41762 3.4298 3.51006 3.56102 3.54332 3.55448 3.62697 3.66292 3.63648 3.64512 3.70788 3.72729 3.68886 3.6937 3.75633 3.76223 3.70754 3.7067 3.75599 3.74675 3.68623 3.68135 3.71539 3.68015 3.60129 3.59173 3.62784 3.58964 3.50689 3.49714 3.51917 3.47187 3.39354 3.37836 3.37661 3.29817 3.20157 3.18269 3.18615 3.1078 3.00727 2.98806 2.97789 2.8897 2.79384 2.76874 2.73641 2.62348 2.51546 2.4892 2.46112 2.35243 2.24475 2.21791 2.17933 2.0614 1.95695 1.92653 1.87273 1.74299 1.63633 1.60457 1.54366 1.407 1.29833 1.26357 1.19043 1.04523 0.939604 0.901454 0.811876 0.640113 0.536944 0.529986 0.523301 0.516746 0.510149 0.503394 0.496484 0.48942 ;
0.317954 0.322488 0.32716 0.331891 0.336432 0.340774 0.344815 0.348715 0.405044 0.51095 0.576263 0.603702 0.657282 0.746375 0.808878 0.833063 0.884043 0.966304 1.02191 1.046 1.09207 1.17206 1.2279 1.24857 1.29311 1.36986 1.42131 1.43944 1.48167 1.55674 1.61192 1.63737 1.68979 1.7809 1.84481 1.87213 1.91676 1.99153 2.04646 2.0643 2.10368 2.17798 2.23479 2.26186 2.31263 2.4045 2.46779 2.48628 2.52564 2.59709 2.64795 2.66678 2.7068 2.78382 2.84595 2.87872 2.93638 3.0319 3.10197 3.13005 3.17464 3.25969 3.32591 3.34789 3.39044 3.47308 3.5344 3.55412 3.57929 3.64986 3.71175 3.72564 3.74728 3.80326 3.85359 3.86749 3.87427 3.90894 3.94779 3.95921 3.95473 3.97426 4.00682 4.01131 4.00446 4.00987 4.02296 4.02134 3.99887 3.98699 3.99451 3.99075 3.95274 3.90949 3.89393 3.87667 3.83467 3.79525 3.78616 3.7786 3.73643 3.69181 3.67544 3.65699 3.58946 3.50332 3.46154 3.43264 3.366 3.28664 3.25001 3.23081 3.161 3.07217 3.02678 2.99613 2.90673 2.78461 2.71874 2.68129 2.59709 2.48829 2.42985 2.40001 2.31368 2.19379 2.12409 2.08555 1.99106 1.85702 1.77965 1.73968 1.6427 1.49881 1.41048 1.3691 1.26357 1.11142 1.01934 0.972665 0.861306 0.681995 0.586979 0.580237 0.573254 0.565836 0.558029 0.550027 0.54193 0.534009 ;
0.326507 0.331378 0.335934 0.340389 0.345013 0.349742 0.354549 0.359082 0.416096 0.52467 0.593875 0.622967 0.676601 0.766816 0.833063 0.860241 0.909713 0.994775 1.05556 1.08041 1.12311 1.20251 1.26415 1.28627 1.32712 1.40391 1.45962 1.47784 1.5096 1.58358 1.65007 1.68185 1.73336 1.82651 1.89914 1.92803 1.96778 2.04175 2.10344 2.12346 2.14852 2.22083 2.29296 2.32521 2.37205 2.46592 2.53962 2.56081 2.59182 2.66287 2.72141 2.73843 2.75967 2.83327 2.915 2.95602 3.01015 3.1105 3.19533 3.22678 3.26071 3.3491 3.43218 3.45873 3.48978 3.57083 3.64629 3.66616 3.67941 3.75293 3.83099 3.84797 3.85556 3.91409 3.98165 3.99654 3.98801 4.02299 4.07931 4.08958 4.06843 4.08662 4.1349 4.14001 4.11716 4.12659 4.15774 4.15464 4.11357 4.10075 4.12543 4.12019 4.06343 4.01179 4.00309 3.97977 3.90961 3.87276 3.89285 3.89003 3.8385 3.79735 3.79519 3.77438 3.68939 3.597 3.56077 3.52344 3.43082 3.35345 3.34168 3.32356 3.24472 3.15927 3.12501 3.0927 2.98887 2.86145 2.79787 2.75184 2.64653 2.53784 2.49741 2.46641 2.37311 2.25579 2.19326 2.15247 2.04683 1.91141 1.83906 1.79702 1.68999 1.54135 1.4562 1.41048 1.29833 1.14361 1.0518 1.00246 0.884699 0.701353 0.605418 0.597817 0.589682 0.581482 0.573453 0.565497 0.557519 0.5492 ;
0.340497 0.345636 0.350808 0.355942 0.360969 0.365898 0.370703 0.375466 0.446421 0.566378 0.629794 0.657484 0.730331 0.830039 0.884043 0.909713 0.98061 1.07329 1.11739 1.14056 1.21103 1.29731 1.33541 1.35541 1.42323 1.50454 1.53329 1.54194 1.57922 1.65735 1.7231 1.76491 1.86112 1.96718 2.0087 2.03491 2.11805 2.19706 2.21101 2.21684 2.2475 2.32425 2.3962 2.44305 2.55273 2.65907 2.68667 2.70649 2.78637 2.85788 2.86045 2.85935 2.88562 2.96334 3.04436 3.10401 3.23139 3.3492 3.38067 3.41104 3.51708 3.61417 3.63014 3.65474 3.75781 3.85013 3.86364 3.8823 3.97184 4.05291 4.05981 4.07475 4.15708 4.21892 4.21251 4.22657 4.30018 4.34317 4.32485 4.33586 4.39728 4.41821 4.38611 4.38984 4.44521 4.45201 4.40064 4.39797 4.44599 4.43358 4.3696 4.36383 4.39211 4.33122 4.2228 4.17324 4.10421 4.06445 4.08025 4.10425 4.14692 4.10765 4.0223 4.00263 3.99222 3.88339 3.75045 3.68935 3.59847 3.51739 3.49931 3.50433 3.50502 3.41667 3.31045 3.28018 3.23605 3.09059 2.94678 2.88241 2.77833 2.66394 2.61528 2.60111 2.56031 2.43223 2.31453 2.27696 2.21129 2.06201 1.94078 1.9016 1.82461 1.66358 1.54135 1.49881 1.407 1.23615 1.11237 1.06508 0.957033 0.753868 0.633549 0.625153 0.616652 0.608004 0.599235 0.590455 0.581724 0.573145 ;
0.372926 0.378205 0.383531 0.388919 0.39437 0.399829 0.405309 0.41075 0.488779 0.620703 0.689771 0.717911 0.798636 0.90898 0.966304 0.994775 1.07329 1.17391 1.21923 1.24124 1.31941 1.41297 1.45084 1.47384 1.5512 1.63654 1.66086 1.66458 1.69987 1.79098 1.87197 1.9197 2.03004 2.15075 2.19374 2.21864 2.31149 2.3963 2.40284 2.4021 2.4301 2.51975 2.60744 2.65998 2.78736 2.90658 2.93177 2.95459 3.04236 3.11079 3.10124 3.08964 3.10775 3.19896 3.30224 3.37372 3.52564 3.66149 3.68705 3.7142 3.83508 3.9406 3.95106 3.9816 4.10957 4.22192 4.23392 4.25148 4.3595 4.44986 4.4493 4.46696 4.56424 4.63314 4.61799 4.63186 4.72317 4.77126 4.74316 4.75585 4.8335 4.8578 4.81477 4.82231 4.88606 4.88223 4.80924 4.80053 4.86017 4.84676 4.76937 4.76716 4.81528 4.75469 4.62625 4.56499 4.47665 4.42957 4.45547 4.48802 4.54874 4.50944 4.40749 4.38773 4.38631 4.26391 4.10715 4.03844 3.92812 3.83282 3.82005 3.83242 3.8453 3.75067 3.62668 3.59452 3.55359 3.39167 3.22599 3.15514 3.03215 2.89941 2.85107 2.84257 2.80427 2.65846 2.5198 2.47841 2.41182 2.25035 2.11663 2.0785 1.99942 1.82461 1.68999 1.6427 1.54366 1.35462 1.21672 1.16684 1.04933 0.825287 0.691701 0.682258 0.672911 0.663709 0.654684 0.645801 0.637057 0.628353 ;
0.399784 0.405456 0.411145 0.416726 0.422123 0.427534 0.432994 0.438667 0.510822 0.64617 0.730905 0.764265 0.831418 0.94434 1.02191 1.05556 1.11739 1.21923 1.29121 1.31554 1.36568 1.45783 1.52568 1.55655 1.611 1.69824 1.75356 1.76355 1.78908 1.88904 1.9929 2.03968 2.11278 2.23582 2.32173 2.3511 2.40301 2.49007 2.54784 2.5587 2.57596 2.67389 2.78412 2.83039 2.90234 3.02051 3.10039 3.12834 3.16368 3.22986 3.27776 3.27489 3.27285 3.37379 3.50879 3.57711 3.66762 3.80406 3.89445 3.92074 3.967 4.07346 4.17012 4.21304 4.27735 4.40136 4.49364 4.51585 4.55091 4.647 4.73235 4.75558 4.7734 4.84516 4.91866 4.93514 4.94144 4.98982 5.04807 5.0621 5.0504 5.0731 5.11912 5.12942 5.10016 5.08606 5.09806 5.08079 5.03375 5.01924 5.04393 5.04891 5.00982 4.95857 4.93213 4.88792 4.77134 4.72036 4.76963 4.78142 4.74466 4.7025 4.68453 4.66114 4.57411 4.45316 4.38597 4.33158 4.19013 4.08497 4.09 4.08226 4.0093 3.91035 3.85541 3.81659 3.70345 3.54101 3.44595 3.38448 3.23131 3.08449 3.04612 3.02073 2.91713 2.76233 2.66747 2.61281 2.49167 2.33194 2.24606 2.20354 2.0785 1.9016 1.79702 1.73968 1.60457 1.41022 1.2934 1.23444 1.09173 0.862019 0.738422 0.728949 0.719864 0.711111 0.702343 0.693342 0.683874 0.674046 ;
0.408739 0.414544 0.420129 0.42586 0.431876 0.437929 0.443871 0.449415 0.521198 0.658914 0.747391 0.783192 0.849424 0.963409 1.046 1.08041 1.14056 1.24124 1.31554 1.34233 1.38253 1.47201 1.5499 1.58552 1.63905 1.7279 1.79092 1.80434 1.83071 1.93444 2.04341 2.09204 2.15683 2.27932 2.37517 2.40689 2.4512 2.54024 2.61194 2.62973 2.6574 2.75742 2.86218 2.90671 2.96497 3.08091 3.17364 3.20326 3.2268 3.29134 3.35194 3.35279 3.34777 3.45216 3.59414 3.66074 3.73885 3.87294 3.9729 3.99606 4.01493 4.11636 4.24003 4.29284 4.3553 4.48997 4.5995 4.6254 4.64762 4.74603 4.8507 4.87718 4.88058 4.94945 5.03779 5.05624 5.0486 5.10202 5.17826 5.18984 5.15871 5.18032 5.24369 5.25286 5.20453 5.18029 5.19788 5.17028 5.08802 5.0797 5.14308 5.15664 5.10766 5.06672 5.0675 5.03572 4.93473 4.88282 4.91505 4.91267 4.84978 4.80565 4.80494 4.77922 4.67252 4.55184 4.50675 4.46058 4.33084 4.22344 4.21172 4.19096 4.09521 3.99514 3.95384 3.91287 3.78322 3.62066 3.54293 3.4864 3.34087 3.18916 3.13523 3.09842 2.97624 2.81421 2.72036 2.65649 2.51635 2.3585 2.28976 2.24606 2.11663 1.94078 1.83906 1.77965 1.63633 1.43962 1.32417 1.26265 1.11345 0.878703 0.755352 0.746174 0.736629 0.726803 0.716938 0.707046 0.697088 0.686739 ;
0.423896 0.43002 0.436045 0.441922 0.447719 0.453566 0.459484 0.465515 0.553714 0.702897 0.78254 0.816179 0.904068 1.0267 1.09207 1.12311 1.21103 1.31941 1.36568 1.38253 1.4292 1.5216 1.59699 1.64068 1.7362 1.837 1.87006 1.87943 1.92749 2.04394 2.14064 2.18865 2.29837 2.4289 2.485 2.51367 2.60136 2.69979 2.73235 2.75206 2.84253 2.95325 3.00157 3.03908 3.15152 3.27534 3.32016 3.34748 3.43197 3.50568 3.51079 3.50349 3.52738 3.63891 3.75314 3.81871 3.97127 4.10891 4.1239 4.12257 4.15129 4.25702 4.37513 4.45351 4.62397 4.77344 4.7954 4.82132 4.93866 5.0459 5.06274 5.08755 5.18808 5.26574 5.26481 5.28145 5.36771 5.42386 5.40392 5.41332 5.48648 5.51086 5.46993 5.47744 5.54021 5.50947 5.3996 5.33832 5.26361 5.25442 5.30943 5.35574 5.43364 5.40828 5.31104 5.29414 5.31864 5.26267 5.16873 5.15617 5.17874 5.11966 5.02031 4.99651 4.97939 4.8574 4.72496 4.69198 4.667 4.54828 4.42439 4.396 4.37191 4.25423 4.12821 4.0905 4.03293 3.8642 3.71279 3.66842 3.60248 3.4341 3.28916 3.24729 3.17659 2.98841 2.81629 2.73692 2.59859 2.43538 2.3585 2.33194 2.25035 2.06201 1.91141 1.85702 1.74299 1.53057 1.37803 1.32084 1.18578 0.931392 0.78133 0.771425 0.76153 0.751578 0.741503 0.731286 0.720896 0.710443 ;
0.455599 0.462124 0.468704 0.475293 0.48176 0.488009 0.494128 0.500208 0.59563 0.757332 0.841778 0.876257 0.972289 1.10443 1.17206 1.20251 1.29731 1.41297 1.45783 1.47201 1.5216 1.62703 1.71261 1.75841 1.86748 1.98459 2.02171 2.0356 2.09879 2.22536 2.31866 2.36402 2.4802 2.61424 2.66742 2.69809 2.79591 2.90274 2.93389 2.95362 3.05579 3.17796 3.22648 3.26559 3.39058 3.52373 3.56663 3.59183 3.69362 3.78853 3.79701 3.79595 3.84061 3.95961 4.05988 4.11853 4.27761 4.40848 4.40594 4.39647 4.42372 4.54531 4.67967 4.7678 4.96345 5.12756 5.14453 5.17454 5.31299 5.42927 5.43666 5.46243 5.58189 5.66748 5.65769 5.67602 5.77886 5.84122 5.80984 5.81799 5.90923 5.93561 5.87767 5.88542 5.96375 5.92706 5.79326 5.72325 5.63636 5.6214 5.68596 5.74235 5.84653 5.83772 5.73409 5.72324 5.7705 5.70974 5.58909 5.57232 5.59678 5.51625 5.39514 5.37169 5.36706 5.24964 5.10748 5.0778 5.06786 4.93731 4.78597 4.7528 4.72634 4.58321 4.43519 4.39705 4.3454 4.17295 4.01007 3.96673 3.90798 3.72379 3.55366 3.50662 3.43003 3.21589 3.02161 2.93757 2.7823 2.59859 2.51635 2.49167 2.41182 2.21129 2.04683 1.99106 1.87273 1.64423 1.47814 1.41962 1.27553 1.00057 0.839149 0.828659 0.818057 0.807243 0.796206 0.785022 0.773868 0.762752 ;
0.482696 0.489578 0.496293 0.502928 0.509662 0.516596 0.523512 0.530322 0.615808 0.779035 0.881528 0.921238 1.00195 1.13597 1.2279 1.26415 1.33541 1.45084 1.52568 1.5499 1.59699 1.71261 1.81684 1.85971 1.93628 2.05841 2.13654 2.1643 2.2192 2.34464 2.4524 2.49675 2.56754 2.69446 2.79363 2.82989 2.88541 2.99072 3.06708 3.08866 3.13755 3.26122 3.37136 3.42183 3.49929 3.63585 3.74093 3.77105 3.8177 3.92536 4.00668 4.02518 4.05605 4.17555 4.29776 4.34855 4.42787 4.5487 4.62799 4.63783 4.6465 4.77752 4.93781 5.01223 5.11489 5.281 5.40015 5.43714 5.48714 5.60617 5.71208 5.7441 5.76633 5.85224 5.94209 5.96483 5.97133 6.03709 6.11419 6.12334 6.10884 6.13422 6.18142 6.1905 6.15154 6.11388 6.10016 6.0556 5.94563 5.93093 6.02514 6.05582 6.03809 6.0319 6.03974 6.02483 5.96031 5.89866 5.88378 5.86394 5.78455 5.6987 5.67619 5.64875 5.54347 5.42952 5.38071 5.3441 5.2369 5.1054 5.04342 5.00347 4.88637 4.73697 4.66761 4.62247 4.48431 4.3129 4.22348 4.17025 4.03284 3.84789 3.74622 3.69033 3.5431 3.3271 3.1974 3.12105 2.93757 2.73692 2.65649 2.61281 2.47841 2.27696 2.15247 2.08555 1.92653 1.69486 1.55436 1.48642 1.31095 1.03269 0.887237 0.875517 0.863598 0.851798 0.84024 0.828897 0.817316 0.805514 ;
0.491553 0.49902 0.506181 0.513203 0.520195 0.527123 0.533972 0.540559 0.626991 0.79151 0.896482 0.939026 1.01775 1.15232 1.24857 1.28627 1.35541 1.47384 1.55655 1.58552 1.64068 1.75841 1.85971 1.90299 1.97482 2.10009 2.18856 2.22054 2.27767 2.40238 2.51039 2.55497 2.61736 2.7398 2.84291 2.8791 2.9278 3.03063 3.11039 3.12854 3.16031 3.28521 3.41588 3.47357 3.55026 3.69132 3.80772 3.84363 3.88709 4.00315 4.10203 4.12698 4.15968 4.27829 4.39904 4.44604 4.5085 4.62807 4.72386 4.74219 4.76863 4.90651 5.05547 5.12009 5.20107 5.36108 5.49616 5.53657 5.57343 5.69422 5.81763 5.85214 5.86336 5.95262 6.05911 6.08236 6.07268 6.13481 6.22567 6.2357 6.20527 6.23512 6.30108 6.30901 6.25357 6.22261 6.23744 6.20975 6.12034 6.10192 6.17289 6.18823 6.14553 6.13808 6.16242 6.14473 6.06345 6.00065 5.99911 5.97644 5.87972 5.79062 5.77972 5.74937 5.63097 5.51958 5.48364 5.44476 5.32327 5.19173 5.14083 5.09879 4.96662 4.81319 4.75239 4.70454 4.55532 4.38435 4.30397 4.24886 4.1002 3.91476 3.82092 3.76357 3.60463 3.38778 3.26958 3.1974 3.02161 2.81629 2.72036 2.66747 2.5198 2.31453 2.19326 2.12409 1.95695 1.72044 1.58151 1.50948 1.32952 1.04859 0.901541 0.890105 0.878399 0.866603 0.854823 0.842807 0.830637 0.818198 ;
0.502764 0.510045 0.517367 0.524676 0.531971 0.539283 0.546575 0.553821 0.658657 0.836683 0.931278 0.970345 1.07454 1.21779 1.29311 1.32712 1.42323 1.5512 1.611 1.63905 1.7362 1.86748 1.93628 1.97482 2.08377 2.21861 2.27768 2.30948 2.419 2.55314 2.61201 2.64957 2.75985 2.88927 2.9449 2.97725 3.07809 3.17972 3.20145 3.20561 3.25589 3.39015 3.50703 3.57069 3.72152 3.88514 3.94398 3.97823 4.09822 4.22902 4.26578 4.29244 4.4154 4.54044 4.57329 4.60881 4.74225 4.87232 4.89847 4.91995 5.05024 5.19683 5.24318 5.29513 5.46863 5.63173 5.67131 5.70854 5.85493 5.9883 6.00993 6.04277 6.16847 6.26488 6.2605 6.28092 6.38806 6.45339 6.42771 6.43526 6.52022 6.54932 6.49599 6.50279 6.58051 6.56637 6.46726 6.45295 6.513 6.4983 6.42417 6.42679 6.48841 6.45918 6.35754 6.34409 6.38899 6.32095 6.19009 6.16709 6.18267 6.09072 5.96505 5.93667 5.92086 5.79346 5.64542 5.6124 5.59887 5.45733 5.29399 5.25451 5.21736 5.05827 4.9014 4.85794 4.79159 4.6038 4.43251 4.38512 4.31979 4.12033 3.93795 3.88503 3.79497 3.57271 3.38778 3.3271 3.21589 2.98841 2.81421 2.76233 2.65846 2.43223 2.25579 2.19379 2.0614 1.81015 1.63075 1.5645 1.40222 1.09994 0.922765 0.910518 0.898243 0.885941 0.873607 0.861362 0.849202 0.837107 ;
0.533674 0.54124 0.548772 0.556288 0.563734 0.571086 0.578461 0.585983 0.69847 0.888633 0.988399 1.02841 1.1401 1.29307 1.36986 1.40391 1.50454 1.63654 1.69824 1.7279 1.837 1.98459 2.05841 2.10009 2.21861 2.36165 2.42085 2.45277 2.57484 2.7157 2.76883 2.80644 2.93055 3.07155 3.125 3.15877 3.26967 3.37473 3.39068 3.39447 3.45462 3.59439 3.70786 3.77209 3.94145 4.12528 4.18376 4.2185 4.35496 4.49497 4.52577 4.5524 4.69356 4.82196 4.84098 4.87766 5.02561 5.16849 5.19168 5.21219 5.35248 5.50032 5.53862 5.58622 5.76823 5.93811 5.97437 6.01906 6.19295 6.34876 6.36724 6.39675 6.53886 6.64317 6.6307 6.6521 6.77483 6.84337 6.80714 6.82236 6.91615 6.9289 6.85052 6.84639 6.94002 6.94383 6.84868 6.84917 6.9435 6.94265 6.8491 6.84617 6.89963 6.82946 6.69619 6.67975 6.73201 6.66121 6.52086 6.50348 6.53788 6.45503 6.31858 6.28928 6.27319 6.11816 5.94358 5.90651 5.89597 5.74695 5.57262 5.53719 5.51268 5.35625 5.18871 5.14273 5.07421 4.86028 4.66508 4.61405 4.5479 4.33943 4.14648 4.09498 4.01328 3.79497 3.60463 3.5431 3.43003 3.17659 2.97624 2.91713 2.80427 2.56031 2.37311 2.31368 2.17933 1.9163 1.72604 1.65565 1.4855 1.16515 0.976175 0.963483 0.951007 0.9386 0.926182 0.913613 0.900883 0.887967 ;
0.562593 0.570796 0.578881 0.58676 0.594604 0.602485 0.610192 0.617596 0.717775 0.908177 1.02698 1.07389 1.16512 1.31707 1.42131 1.45962 1.53329 1.66086 1.75356 1.79092 1.87006 2.02171 2.13654 2.18856 2.27768 2.42085 2.52139 2.55621 2.62808 2.76568 2.87208 2.91971 3.00115 3.14657 3.25403 3.2943 3.35586 3.46461 3.544 3.56161 3.60023 3.73548 3.87365 3.93858 4.04367 4.22617 4.35433 4.39668 4.46581 4.60133 4.70582 4.73489 4.78553 4.90782 5.01884 5.06839 5.14261 5.28657 5.38848 5.4066 5.44831 5.59154 5.73492 5.78934 5.8656 6.03645 6.18795 6.24898 6.32492 6.49469 6.63683 6.67036 6.70075 6.80918 6.9194 6.94615 6.94799 7.01316 7.09849 7.1196 7.08228 7.08096 7.12213 7.1064 7.05569 7.06339 7.11854 7.13078 7.10012 7.10792 7.14539 7.14149 7.06091 6.97315 6.95489 6.92452 6.82777 6.75877 6.7649 6.75371 6.67226 6.60098 6.58393 6.54864 6.41325 6.24858 6.17818 6.12418 5.98342 5.83782 5.78879 5.75494 5.62703 5.47751 5.40661 5.35135 5.18316 4.9594 4.84455 4.77531 4.6064 4.4037 4.30737 4.25278 4.09498 3.88503 3.76357 3.69033 3.50662 3.24729 3.09842 3.02073 2.84257 2.60111 2.46641 2.40001 2.21791 1.95641 1.79828 1.71521 1.5147 1.19495 1.02633 1.01374 1.00076 0.987687 0.974357 0.960781 0.946776 0.932585 ;
0.573163 0.581719 0.589971 0.598157 0.606297 0.614437 0.622508 0.630156 0.730094 0.921242 1.04352 1.09331 1.18352 1.33389 1.43944 1.47784 1.54194 1.66458 1.76355 1.80434 1.87943 2.0356 2.1643 2.22054 2.30948 2.45277 2.55621 2.59225 2.64729 2.78237 2.90504 2.9582 3.04147 3.19107 3.30663 3.35027 3.40831 3.51828 3.60481 3.62576 3.65492 3.78475 3.9308 4.0017 4.10519 4.28897 4.42647 4.47066 4.53322 4.66325 4.77078 4.79983 4.82066 4.93731 5.07616 5.13368 5.20628 5.35019 5.45608 5.46826 5.4797 5.61854 5.7862 5.84227 5.89101 6.06396 6.25184 6.32724 6.40505 6.58591 6.74509 6.78052 6.7981 6.91119 7.03937 7.06702 7.05229 7.11408 7.21358 7.23238 7.17948 7.17099 7.21417 7.18625 7.09096 7.09841 7.19831 7.22409 7.19273 7.20747 7.25807 7.25141 7.15614 7.0631 7.04502 7.00077 6.85848 6.79031 6.84081 6.83795 6.75302 6.68858 6.6848 6.64778 6.49824 6.32798 6.25694 6.1886 6.00905 5.86796 5.85834 5.8295 5.69784 5.55276 5.49025 5.43225 5.25022 5.01993 4.9027 4.82074 4.62274 4.42575 4.36031 4.30737 4.14648 3.93795 3.82092 3.74622 3.55366 3.28916 3.13523 3.04612 2.85107 2.61528 2.49741 2.42985 2.24475 1.98309 1.82523 1.73939 1.5336 1.21126 1.04231 1.02937 1.01594 1.00219 0.988366 0.974343 0.960263 0.94594 ;
0.583788 0.592205 0.600754 0.609322 0.617878 0.626361 0.634754 0.643161 0.765116 0.970535 1.07906 1.12482 1.24456 1.40425 1.48167 1.5096 1.57922 1.69987 1.78908 1.83071 1.92749 2.09879 2.2192 2.27767 2.419 2.57484 2.62808 2.64729 2.71042 2.84692 2.96165 3.02786 3.18709 3.35248 3.40694 3.44535 3.57057 3.68841 3.70469 3.70748 3.75647 3.88792 4.01482 4.10101 4.29731 4.49704 4.55808 4.59892 4.75566 4.89088 4.89617 4.89819 4.93199 5.05065 5.1788 5.26159 5.45178 5.60155 5.59795 5.58691 5.63009 5.76923 5.88941 5.93165 6.0065 6.18974 6.36318 6.47155 6.70422 6.90497 6.93432 6.96581 7.11563 7.23126 7.22212 7.24654 7.3745 7.44397 7.40729 7.42315 7.5192 7.50107 7.36986 7.30035 7.22307 7.22784 7.30846 7.37976 7.52938 7.55703 7.45603 7.44862 7.50181 7.39244 7.19565 7.10868 6.98255 6.91245 6.94588 6.9861 7.06312 7.00171 6.8559 6.82247 6.80447 6.61287 6.3816 6.27768 6.11427 5.97191 5.94586 5.95534 5.95963 5.81131 5.62879 5.57641 5.49922 5.24504 4.99703 4.88867 4.70411 4.50524 4.42575 4.4037 4.33943 4.12033 3.91476 3.84789 3.72379 3.4341 3.18916 3.08449 2.89941 2.66394 2.53784 2.48829 2.35243 2.07552 1.86891 1.79075 1.60712 1.2619 1.05801 1.04419 1.03024 1.01603 1.00162 0.987228 0.972927 0.958794 ;
0.614933 0.623249 0.631564 0.639978 0.648448 0.65701 0.665746 0.674651 0.805157 1.02321 1.13598 1.18212 1.31035 1.47889 1.55674 1.58358 1.65735 1.79098 1.88904 1.93444 2.04394 2.22536 2.34464 2.40238 2.55314 2.7157 2.76568 2.78237 2.84692 2.99291 3.11514 3.18235 3.3533 3.52795 3.5775 3.61447 3.75193 3.87925 3.892 3.89187 3.94795 4.09181 4.22211 4.3091 4.51891 4.72701 4.78312 4.8265 5.00045 5.14216 5.13799 5.13508 5.17161 5.30462 5.4449 5.53345 5.74478 5.90708 5.89703 5.89009 5.95267 6.09356 6.19304 6.22415 6.29684 6.48947 6.67537 6.79083 7.04744 7.25886 7.27694 7.31124 7.47839 7.59874 7.57673 7.60222 7.7485 7.82088 7.77068 7.78559 7.89922 7.87531 7.72081 7.64685 7.56017 7.56274 7.65319 7.73672 7.90972 7.94155 7.82442 7.81499 7.88004 7.76143 7.54054 7.44371 7.30498 7.22654 7.26443 7.31458 7.40895 7.34572 7.18258 7.14898 7.13872 6.93284 6.67875 6.56847 6.391 6.23531 6.2114 6.22802 6.24444 6.09192 5.89391 5.84089 5.76831 5.49991 5.23156 5.11754 4.91934 4.70411 4.62274 4.6064 4.5479 4.31979 4.1002 4.03284 3.90798 3.60248 3.34087 3.23131 3.03215 2.77833 2.64653 2.59709 2.46112 2.17276 1.95376 1.87437 1.68443 1.3221 1.10637 1.09121 1.07629 1.06168 1.04734 1.03312 1.01904 1.00501 ;
